# arith_unit vectors  N=16 CW=8 DW=16  seed=16
# A B C D sgn fsel P err ovf latency   (hex bit patterns, latency decimal)
0 0 7 FFFE 0 0 FFFE 0 0 3
0 1 10 7FFF 0 0 7FFF 0 0 3
0 2 8 3 0 0 3 0 0 3
0 3 10 0 0 0 0 0 0 3
0 7FFF 8 7FFF 0 0 7FFF 0 0 3
0 8000 3 3 0 0 3 0 0 3
0 8001 0 7FFF 0 0 7FFF 0 0 3
0 FFFE 4 8000 0 0 8000 0 0 3
0 FFFF 21 2 0 0 2 0 0 3
1 0 FF 7FFF 0 0 7FFF 0 0 3
1 1 0 3 0 0 4 0 0 3
1 2 20 7FFF 0 0 7FFF 0 0 3
1 3 0 2 0 0 5 0 0 3
1 7FFF 20 0 0 0 0 0 0 3
1 8000 10 FFFE 0 0 FFFE 0 0 3
1 8001 20 7FFF 0 0 7FFF 0 0 3
1 FFFE 3 7FFF 0 0 9FFE 0 0 3
1 FFFF 7 7FFF 0 0 81FE 0 0 3
2 0 8 1 0 0 1 0 0 3
2 1 7 FFFE 0 0 FFFE 0 0 3
2 2 8 FFFF 0 0 FFFF 0 0 3
2 3 21 2 0 0 2 0 0 3
2 7FFF 20 7FFF 0 0 7FFF 0 0 3
2 8000 20 0 0 0 0 0 0 3
2 8001 4 1 0 0 1001 0 0 3
2 FFFE 0 FFFF 0 0 2FFFB 0 0 3
2 FFFF 7 3 0 0 402 0 0 3
3 0 10 2 0 0 2 0 0 3
3 1 4 7FFF 0 0 7FFF 0 0 3
3 2 7 FFFE 0 0 FFFE 0 0 3
3 3 10 1 0 0 1 0 0 3
3 7FFF 2 FFFE 0 0 15FFD 0 0 3
3 8000 FF 0 0 0 0 0 0 3
3 8001 10 FFFE 0 0 FFFF 0 0 3
3 FFFE 0 FFFE 0 0 3FFF8 0 0 3
3 FFFF FF 1 0 0 1 0 0 3
7FFF 0 10 1 0 0 1 0 0 3
7FFF 1 10 0 0 0 0 0 0 3
7FFF 2 2 3 0 0 4002 0 0 3
7FFF 3 8 8000 0 0 817F 0 0 3
7FFF 7FFF 0 FFFF 0 0 40000000 0 0 3
7FFF 8000 0 8001 0 0 40000001 0 0 3
7FFF 8001 20 8000 0 0 8000 0 0 3
7FFF FFFE 10 FFFF 0 0 17FFD 0 0 3
7FFF FFFF 21 1 0 0 1 0 0 3
8000 0 3 8000 0 0 8000 0 0 3
8000 1 1 1 0 0 4001 0 0 3
8000 2 1F 1 0 0 1 0 0 3
8000 3 3 0 0 0 3000 0 0 3
8000 7FFF 8 0 0 0 3FFF80 0 0 3
8000 8000 1 0 0 0 20000000 0 0 3
8000 8001 8 2 0 0 400082 0 0 3
8000 FFFE 21 7FFF 0 0 7FFF 0 0 3
8000 FFFF 3 2 0 0 FFFF002 0 0 3
8001 0 20 0 0 0 0 0 0 3
8001 1 3 FFFF 0 0 10FFF 0 0 3
8001 2 3 1 0 0 2001 0 0 3
8001 3 1 2 0 0 C003 0 0 3
8001 7FFF 4 8001 0 0 4008000 0 0 3
8001 8000 8 0 0 0 400080 0 0 3
8001 8001 8 FFFE 0 0 4100FE 0 0 3
8001 FFFE FF FFFE 0 0 FFFE 0 0 3
8001 FFFF 10 7FFF 0 0 FFFF 0 0 3
FFFE 0 0 0 0 0 0 0 0 3
FFFE 1 0 3 0 0 10001 0 0 3
FFFE 2 8 7FFF 0 0 81FE 0 0 3
FFFE 3 1F 8001 0 0 8001 0 0 3
FFFE 7FFF 1 3 0 0 3FFF0004 0 0 3
FFFE 8000 1 8001 0 0 40000001 0 0 3
FFFE 8001 21 1 0 0 1 0 0 3
FFFE FFFE 4 1 0 0 FFFC001 0 0 3
FFFE FFFF 10 8001 0 0 17FFE 0 0 3
FFFF 0 2 8001 0 0 8001 0 0 3
FFFF 1 3 2 0 0 2001 0 0 3
FFFF 2 2 8001 0 0 10000 0 0 3
FFFF 3 8 FFFF 0 0 102FE 0 0 3
FFFF 7FFF 3 8001 0 0 10005001 0 0 3
FFFF 8000 2 8000 0 0 20006000 0 0 3
FFFF 8001 21 FFFE 0 0 FFFE 0 0 3
FFFF FFFE 2 8001 0 0 3FFFC001 0 0 3
FFFF FFFF 3 8001 0 0 20004001 0 0 3
0 FFFE 0 0 0 0 0 0 0 3
7FFF 7FFF 0 1 0 0 3FFF0002 0 0 3
1 1 0 2 0 0 3 0 0 3
7FFF FFFE 0 3 0 0 7FFE0005 0 0 3
3 FFFF 0 7FFF 0 0 37FFC 0 0 3
FFFE 3 0 8000 0 0 37FFA 0 0 3
FFFE FFFF 0 8001 0 0 FFFD8003 0 0 3
2 FFFE 0 FFFE 0 0 2FFFA 0 0 3
FFFF 1 0 FFFF 0 0 1FFFE 0 0 3
1 8000 1 0 0 0 4000 0 0 3
0 FFFE 1 1 0 0 1 0 0 3
1 FFFE 1 2 0 0 8001 0 0 3
0 FFFF 1 3 0 0 3 0 0 3
8000 FFFF 1 7FFF 0 0 40003FFF 0 0 3
2 1 1 8000 0 0 8001 0 0 3
8000 8001 1 8001 0 0 2000C001 0 0 3
7FFF 8001 1 FFFE 0 0 2000FFFD 0 0 3
1 3 1 FFFF 0 0 10000 0 0 3
3 FFFE 2 0 0 0 BFFE 0 0 3
3 0 2 1 0 0 1 0 0 3
0 3 2 2 0 0 2 0 0 3
8000 8001 2 3 0 0 10002003 0 0 3
3 0 2 7FFF 0 0 7FFF 0 0 3
7FFF 0 2 8000 0 0 8000 0 0 3
8001 0 2 8001 0 0 8001 0 0 3
2 FFFF 2 FFFE 0 0 17FFD 0 0 3
3 3 2 FFFF 0 0 10001 0 0 3
FFFF FFFF 3 0 0 0 1FFFC000 0 0 3
7FFF FFFF 3 1 0 0 FFFD001 0 0 3
0 FFFF 3 2 0 0 2 0 0 3
3 FFFE 3 3 0 0 6002 0 0 3
FFFE 8000 3 7FFF 0 0 10005FFF 0 0 3
2 FFFE 3 8000 0 0 BFFF 0 0 3
2 1 3 8001 0 0 8001 0 0 3
3 0 3 FFFE 0 0 FFFE 0 0 3
1 8000 3 FFFF 0 0 10FFF 0 0 3
7FFF 1 4 0 0 0 7FF 0 0 3
2 0 4 1 0 0 1 0 0 3
2 1 4 2 0 0 2 0 0 3
3 8000 4 3 0 0 1803 0 0 3
3 8001 4 7FFF 0 0 97FF 0 0 3
1 2 4 8000 0 0 8000 0 0 3
1 FFFE 4 8001 0 0 9000 0 0 3
1 0 4 FFFE 0 0 FFFE 0 0 3
2 2 4 FFFF 0 0 FFFF 0 0 3
2 3 7 0 0 0 0 0 0 3
8001 0 7 1 0 0 1 0 0 3
8000 1 7 2 0 0 102 0 0 3
8001 8001 7 3 0 0 800203 0 0 3
7FFF 1 7 7FFF 0 0 80FE 0 0 3
8001 3 7 8000 0 0 8300 0 0 3
8000 FFFE 7 8001 0 0 1007E01 0 0 3
8000 8001 7 FFFE 0 0 8100FE 0 0 3
0 8000 7 FFFF 0 0 FFFF 0 0 3
3 1 8 0 0 0 0 0 0 3
3 8001 8 1 0 0 181 0 0 3
8001 0 8 2 0 0 2 0 0 3
3 8001 8 3 0 0 183 0 0 3
FFFF 8000 8 7FFF 0 0 807F7F 0 0 3
0 FFFF 8 8000 0 0 8000 0 0 3
8001 8000 8 8001 0 0 408081 0 0 3
0 2 8 FFFE 0 0 FFFE 0 0 3
8001 3 8 FFFF 0 0 1017F 0 0 3
8000 2 10 0 0 0 1 0 0 3
8001 0 10 1 0 0 1 0 0 3
8001 0 10 2 0 0 2 0 0 3
8001 FFFE 10 3 0 0 8002 0 0 3
0 2 10 7FFF 0 0 7FFF 0 0 3
0 2 10 8000 0 0 8000 0 0 3
3 7FFF 10 8001 0 0 8002 0 0 3
8001 0 10 FFFE 0 0 FFFE 0 0 3
0 1 10 FFFF 0 0 FFFF 0 0 3
FFFF FFFF 1F 0 0 0 1 0 0 3
0 2 1F 1 0 0 1 0 0 3
8000 1 1F 2 0 0 2 0 0 3
FFFF 7FFF 1F 3 0 0 3 0 0 3
FFFE 2 1F 7FFF 0 0 7FFF 0 0 3
8001 7FFF 1F 8000 0 0 8000 0 0 3
8001 FFFF 1F 8001 0 0 8002 0 0 3
1 2 1F FFFE 0 0 FFFE 0 0 3
0 7FFF 1F FFFF 0 0 FFFF 0 0 3
7FFF 7FFF 20 0 0 0 0 0 0 3
FFFE 8000 20 1 0 0 1 0 0 3
1 7FFF 20 2 0 0 2 0 0 3
8001 7FFF 20 3 0 0 3 0 0 3
FFFE 0 20 7FFF 0 0 7FFF 0 0 3
1 1 20 8000 0 0 8000 0 0 3
8000 8001 20 8001 0 0 8001 0 0 3
7FFF FFFE 20 FFFE 0 0 FFFE 0 0 3
7FFF 3 20 FFFF 0 0 FFFF 0 0 3
7FFF 0 21 0 0 0 0 0 0 3
FFFE 0 21 1 0 0 1 0 0 3
3 1 21 2 0 0 2 0 0 3
8001 2 21 3 0 0 3 0 0 3
3 8000 21 7FFF 0 0 7FFF 0 0 3
8001 1 21 8000 0 0 8000 0 0 3
7FFF 0 21 8001 0 0 8001 0 0 3
8000 2 21 FFFE 0 0 FFFE 0 0 3
8000 8001 21 FFFF 0 0 FFFF 0 0 3
7FFF 8000 FF 0 0 0 0 0 0 3
3 2 FF 1 0 0 1 0 0 3
3 FFFF FF 2 0 0 2 0 0 3
0 FFFF FF 3 0 0 3 0 0 3
1 7FFF FF 7FFF 0 0 7FFF 0 0 3
0 0 FF 8000 0 0 8000 0 0 3
FFFF 1 FF 8001 0 0 8001 0 0 3
7FFF 3 FF FFFE 0 0 FFFE 0 0 3
1 1 FF FFFF 0 0 FFFF 0 0 3
0 0 10 FFFE 0 1 FFFE 0 0 37
0 1 7 0 0 1 0 0 0 37
0 2 0 1 0 1 0 1 0 3
0 3 FF 7FFF 0 1 7FFF 0 0 37
0 7FFF 21 8001 0 1 8001 0 0 37
0 8000 1 8000 0 1 8000 0 0 37
0 8001 8 FFFE 0 1 FFFE 0 0 37
0 FFFE 8 3 0 1 3 0 0 37
0 FFFF 20 3 0 1 3 0 0 37
1 0 4 2 0 1 2 0 0 37
1 1 3 2 0 1 2 0 0 37
1 2 2 8001 0 1 8001 0 0 37
1 3 FF 8000 0 1 8000 0 0 37
1 7FFF 1 2 0 1 8001 0 0 37
1 8000 0 3 0 1 0 1 0 3
1 8001 2 8001 0 1 A001 0 0 37
1 FFFE 1 7FFF 0 1 17FFD 0 0 37
1 FFFF 4 8001 0 1 9000 0 0 37
2 0 7 8000 0 1 8000 0 0 37
2 1 8 3 0 1 3 0 0 37
2 2 7 3 0 1 3 0 0 37
2 3 10 0 0 1 0 0 0 37
2 7FFF 1F 0 0 1 44 0 0 37
2 8000 7 0 0 1 539 0 0 37
2 8001 10 FFFF 0 1 100FF 0 0 37
2 FFFE 8 FFFF 0 1 107FE 0 0 37
2 FFFF 8 1 0 1 800 0 0 37
3 0 1F 2 0 1 2 0 0 37
3 1 FF 3 0 1 3 0 0 37
3 2 1F 3 0 1 3 0 0 37
3 3 0 2 0 1 0 1 0 3
3 7FFF 0 2 0 1 0 1 0 3
3 8000 4 3 0 1 1803 0 0 37
3 8001 7 FFFE 0 1 107D4 0 0 37
3 FFFE 0 FFFE 0 1 0 1 0 3
3 FFFF 2 3 0 1 C002 0 0 37
7FFF 0 7 FFFE 0 1 FFFE 0 0 37
7FFF 1 8 8000 0 1 81FF 0 0 37
7FFF 2 FF 8000 0 1 8001 0 0 37
7FFF 3 3 7FFF 0 1 AAA9 0 0 37
7FFF 7FFF 8 0 0 1 FFFC00 0 0 37
7FFF 8000 8 0 0 1 FFFE00 0 0 37
7FFF 8001 3 8001 0 1 71CF1C8 0 0 37
7FFF FFFE 21 2 0 1 1E1693 0 0 37
7FFF FFFF 0 3 0 1 0 1 0 3
8000 0 20 2 0 1 2 0 0 37
8000 1 0 1 0 1 0 1 0 3
8000 2 1F 3 0 1 47 0 0 37
8000 3 20 3 0 1 63 0 0 37
8000 7FFF 8 7FFF 0 1 1007DFF 0 0 37
8000 8000 0 FFFE 0 1 0 1 0 3
8000 8001 0 8000 0 1 0 1 0 3
8000 FFFE FF 7FFF 0 1 100FF 0 0 37
8000 FFFF 7 8000 0 1 29D3978 0 0 37
8001 0 3 3 0 1 3 0 0 37
8001 1 0 FFFF 0 1 0 1 0 3
8001 2 4 2 0 1 1002 0 0 37
8001 3 FF 7FFF 0 1 8000 0 0 37
8001 7FFF 7 8000 0 1 14EDE0A 0 0 37
8001 8000 1 3 0 1 40008003 0 0 37
8001 8001 1 FFFE 0 1 4001FFFF 0 0 37
8001 FFFE 0 7FFF 0 1 0 1 0 3
8001 FFFF 21 3 0 1 1E172A 0 0 37
FFFE 0 4 8001 0 1 8001 0 0 37
FFFE 1 1F 2 0 1 46 0 0 37
FFFE 2 FF 7FFF 0 1 8001 0 0 37
FFFE 3 1F 0 0 1 CC 0 0 37
FFFE 7FFF 7 8001 0 1 29D31A3 0 0 37
FFFE 8000 0 3 0 1 0 1 0 3
FFFE 8001 7 1 0 1 29CBC15 0 0 37
FFFE FFFE 21 8000 0 1 3CAD22 0 0 37
FFFE FFFF 7 8000 0 1 539E87D 0 0 37
FFFF 0 8 FFFF 0 1 FFFF 0 0 37
FFFF 1 4 3 0 1 1002 0 0 37
FFFF 2 20 1 0 1 80 0 0 37
FFFF 3 3 1 0 1 5556 0 0 37
FFFF 7FFF 20 2 0 1 1FFFA2 0 0 37
FFFF 8000 8 FFFF 0 1 200FDFF 0 0 37
FFFF 8001 2 FFFF 0 1 20011FFE 0 0 37
FFFF FFFE 20 2 0 1 3FFF42 0 0 37
FFFF FFFF 3 2 0 1 1C718E3B 0 0 37
3 FFFE 0 0 0 1 0 1 0 3
FFFF 3 0 1 0 1 0 1 0 3
3 2 0 2 0 1 0 1 0 3
8001 7FFF 0 3 0 1 0 1 0 3
0 1 0 7FFF 0 1 0 1 0 3
3 8000 0 8000 0 1 0 1 0 3
FFFF 7FFF 0 8001 0 1 0 1 0 3
3 0 0 FFFE 0 1 0 1 0 3
1 0 0 FFFF 0 1 0 1 0 3
1 1 1 0 0 1 1 0 0 37
2 2 1 1 0 1 5 0 0 37
0 8001 1 2 0 1 2 0 0 37
8001 8000 1 3 0 1 40008003 0 0 37
7FFF 3 1 7FFF 0 1 1FFFC 0 0 37
FFFF 2 1 8000 0 1 27FFE 0 0 37
2 8000 1 8001 0 1 18001 0 0 37
8000 8001 1 FFFE 0 1 40017FFE 0 0 37
8001 FFFF 1 FFFF 0 1 80017FFE 0 0 37
3 FFFF 2 0 0 1 BFFF 0 0 37
7FFF 8001 2 1 0 1 10000000 0 0 37
2 8000 2 2 0 1 4002 0 0 37
1 8001 2 3 0 1 2003 0 0 37
8001 FFFE 2 7FFF 0 1 20007FFE 0 0 37
8000 2 2 8000 0 1 C000 0 0 37
8001 3 2 8001 0 1 E001 0 0 37
8001 8001 2 FFFE 0 1 10013FFE 0 0 37
2 3 2 FFFF 0 1 10000 0 0 37
8001 FFFF 3 0 0 1 E38F1C7 0 0 37
1 8001 3 1 0 1 E3A 0 0 37
FFFF 8001 3 2 0 1 E38F1C9 0 0 37
1 0 3 3 0 1 3 0 0 37
FFFF 3 3 7FFF 0 1 D554 0 0 37
FFFE 8000 3 8000 0 1 E39471C 0 0 37
8000 FFFE 3 8001 0 1 E39471D 0 0 37
1 FFFF 3 FFFE 0 1 11C6F 0 0 37
2 7FFF 3 FFFF 0 1 11C70 0 0 37
1 1 4 0 0 1 0 0 0 37
8000 8000 4 1 0 1 4000001 0 0 37
FFFF 7FFF 4 2 0 1 7FFE802 0 0 37
0 3 4 3 0 1 3 0 0 37
8001 1 4 7FFF 0 1 87FF 0 0 37
7FFF 8001 4 8000 0 1 4007FFF 0 0 37
3 FFFF 4 8001 0 1 B000 0 0 37
8000 1 4 FFFE 0 1 107FE 0 0 37
8001 FFFE 4 FFFF 0 1 800FFFE 0 0 37
3 FFFF 7 0 0 1 FAC 0 0 37
8000 7FFF 7 1 0 1 14E5B6E 0 0 37
8000 FFFF 7 2 0 1 29CB97A 0 0 37
8000 FFFE 7 3 0 1 29CB6DE 0 0 37
FFFF 1 7 7FFF 0 1 8538 0 0 37
3 8000 7 8000 0 1 87D6 0 0 37
0 3 7 8001 0 1 8001 0 0 37
1 FFFE 7 FFFE 0 1 10537 0 0 37
7FFF FFFF 7 FFFF 0 1 29DB43D 0 0 37
8000 2 8 0 0 1 400 0 0 37
8000 1 8 1 0 1 201 0 0 37
8001 8000 8 2 0 1 1000202 0 0 37
FFFE 2 8 3 0 1 802 0 0 37
2 1 8 7FFF 0 1 7FFF 0 0 37
8000 FFFF 8 8000 0 1 2007E00 0 0 37
8001 7FFF 8 8001 0 1 1008000 0 0 37
3 0 8 FFFE 0 1 FFFE 0 0 37
8000 7FFF 8 FFFF 0 1 100FDFF 0 0 37
7FFF 2 10 0 0 1 FF 0 0 37
8000 FFFF 10 1 0 1 7FFF81 0 0 37
7FFF 7FFF 10 2 0 1 3FFF02 0 0 37
2 8001 10 3 0 1 103 0 0 37
8001 8001 10 7FFF 0 1 4080FF 0 0 37
0 7FFF 10 8000 0 1 8000 0 0 37
7FFF 7FFF 10 8001 0 1 407F01 0 0 37
FFFE 8000 10 FFFE 0 1 80FEFE 0 0 37
FFFE 7FFF 10 FFFF 0 1 80FDFF 0 0 37
FFFF 8000 1F 0 0 1 2218E8 0 0 37
8000 7FFF 1F 1 0 1 110C64 0 0 37
0 FFFE 1F 2 0 1 2 0 0 37
2 FFFE 1F 3 0 1 8B 0 0 37
FFFF 8000 1F 7FFF 0 1 2298E7 0 0 37
8001 3 1F 8000 0 1 8066 0 0 37
0 1 1F 8001 0 1 8001 0 0 37
8000 FFFE 1F FFFE 0 1 2318C4 0 0 37
0 7FFF 1F FFFF 0 1 FFFF 0 0 37
0 FFFE 20 0 0 1 0 0 0 37
FFFE 8000 20 1 0 1 1FFFC1 0 0 37
8001 3 20 2 0 1 62 0 0 37
7FFF 8001 20 3 0 1 100002 0 0 37
8000 8001 20 7FFF 0 1 10801F 0 0 37
7FFF 8000 20 8000 0 1 107FE0 0 0 37
7FFF 3 20 8001 0 1 8060 0 0 37
1 3 20 FFFE 0 1 FFFE 0 0 37
8000 7FFF 20 FFFF 0 1 10FFDF 0 0 37
2 1 21 0 0 1 0 0 0 37
FFFF 0 21 1 0 1 1 0 0 37
8001 7FFF 21 2 0 1 F0B86 0 0 37
FFFE 8000 21 3 0 1 1E16D0 0 0 37
8000 3 21 7FFF 0 1 8059 0 0 37
3 8001 21 8000 0 1 805A 0 0 37
2 8001 21 8001 0 1 803D 0 0 37
7FFF 1 21 FFFE 0 1 1001C 0 0 37
7FFF FFFE 21 FFFF 0 1 1F1690 0 0 37
3 FFFE FF 0 0 1 3 0 0 37
0 7FFF FF 1 0 1 1 0 0 37
FFFF 3 FF 2 0 1 5 0 0 37
FFFE 0 FF 3 0 1 3 0 0 37
FFFF 8001 FF 7FFF 0 1 10101 0 0 37
0 1 FF 8000 0 1 8000 0 0 37
FFFF 8000 FF 8001 0 1 10102 0 0 37
1 3 FF FFFE 0 1 FFFE 0 0 37
3 8001 FF FFFF 0 1 10000 0 0 37
0 0 20 FFFE 1 0 FFFFFFFE 0 0 3
0 1 10 1 1 0 1 0 0 3
0 2 20 FFFE 1 0 FFFFFFFE 0 0 3
0 3 1 0 1 0 0 0 0 3
0 7FFF FF 1 1 0 1 0 0 3
0 8000 7 8000 1 0 FFFF8000 0 0 3
0 8001 4 1 1 0 1 0 0 3
0 FFFE 10 7FFF 1 0 7FFF 0 0 3
0 FFFF 1 3 1 0 3 0 0 3
1 0 8 3 1 0 3 0 0 3
1 1 2 FFFE 1 0 FFFFFFFE 0 0 3
1 2 0 0 1 0 2 0 0 3
1 3 4 0 1 0 0 0 0 3
1 7FFF 2 0 1 0 1FFF 0 0 3
1 8000 2 FFFF 1 0 FFFFDFFF 0 0 3
1 8001 1 2 1 0 FFFFC003 0 0 3
1 FFFE 8 8001 1 0 FFFF8001 0 0 3
1 FFFF 2 8000 1 0 FFFF8000 0 0 3
2 0 1 FFFF 1 0 FFFFFFFF 0 0 3
2 1 1F 2 1 0 2 0 0 3
2 2 1 0 1 0 2 0 0 3
2 3 1 0 1 0 3 0 0 3
2 7FFF 20 0 1 0 0 0 0 3
2 8000 0 FFFE 1 0 FFFEFFFE 0 0 3
2 8001 8 0 1 0 FFFFFF01 0 0 3
2 FFFE 10 8000 1 0 FFFF8000 0 0 3
2 FFFF 0 FFFE 1 0 FFFFFFFC 0 0 3
3 0 3 1 1 0 1 0 0 3
3 1 1 FFFF 1 0 0 0 0 3
3 2 21 3 1 0 3 0 0 3
3 3 0 8001 1 0 FFFF800A 0 0 3
3 7FFF 4 1 1 0 1800 0 0 3
3 8000 2 0 1 0 FFFFA000 0 0 3
3 8001 20 7FFF 1 0 7FFF 0 0 3
3 FFFE FF 7FFF 1 0 7FFF 0 0 3
3 FFFF 1 8000 1 0 FFFF7FFF 0 0 3
7FFF 0 0 0 1 0 0 0 0 3
7FFF 1 20 FFFF 1 0 FFFFFFFF 0 0 3
7FFF 2 0 3 1 0 10001 0 0 3
7FFF 3 3 2 1 0 3001 0 0 3
7FFF 7FFF 21 3 1 0 3 0 0 3
7FFF 8000 8 FFFE 1 0 FFC0007E 0 0 3
7FFF 8001 4 FFFF 1 0 FC000FFF 0 0 3
7FFF FFFE 21 FFFE 1 0 FFFFFFFE 0 0 3
7FFF FFFF 8 7FFF 1 0 7F80 0 0 3
8000 0 10 7FFF 1 0 7FFF 0 0 3
8000 1 1F 0 1 0 0 0 0 3
8000 2 2 3 1 0 FFFFC003 0 0 3
8000 3 1F 8000 1 0 FFFF8000 0 0 3
8000 7FFF 10 7FFF 1 0 4000 0 0 3
8000 8000 21 7FFF 1 0 7FFF 0 0 3
8000 8001 21 FFFF 1 0 FFFFFFFF 0 0 3
8000 FFFE 21 2 1 0 2 0 0 3
8000 FFFF 8 FFFF 1 0 7F 0 0 3
8001 0 1 1 1 0 1 0 0 3
8001 1 10 FFFE 1 0 FFFFFFFE 0 0 3
8001 2 FF 8001 1 0 FFFF8001 0 0 3
8001 3 2 8000 1 0 FFFF2001 0 0 3
8001 7FFF 1F 3 1 0 3 0 0 3
8001 8000 8 2 1 0 3FFF82 0 0 3
8001 8001 1 7FFF 1 0 1FFFFFFF 0 0 3
8001 FFFE FF 8000 1 0 FFFF8000 0 0 3
8001 FFFF 2 FFFE 1 0 1FFD 0 0 3
FFFE 0 10 0 1 0 0 0 0 3
FFFE 1 4 FFFF 1 0 FFFFFFFF 0 0 3
FFFE 2 7 2 1 0 2 0 0 3
FFFE 3 10 8000 1 0 FFFF8000 0 0 3
FFFE 7FFF 10 FFFE 1 0 FFFFFFFE 0 0 3
FFFE 8000 0 3 1 0 10003 0 0 3
FFFE 8001 21 0 1 0 0 0 0 3
FFFE FFFE 4 7FFF 1 0 7FFF 0 0 3
FFFE FFFF 21 8000 1 0 FFFF8000 0 0 3
FFFF 0 3 FFFE 1 0 FFFFFFFE 0 0 3
FFFF 1 21 1 1 0 1 0 0 3
FFFF 2 1F 8000 1 0 FFFF8000 0 0 3
FFFF 3 21 0 1 0 0 0 0 3
FFFF 7FFF 1F FFFE 1 0 FFFFFFFE 0 0 3
FFFF 8000 7 2 1 0 102 0 0 3
FFFF 8001 20 7FFF 1 0 7FFF 0 0 3
FFFF FFFE FF 3 1 0 3 0 0 3
FFFF FFFF 1 FFFF 1 0 FFFFFFFF 0 0 3
3 0 0 0 1 0 0 0 0 3
FFFE FFFE 0 1 1 0 5 0 0 3
2 8000 0 2 1 0 FFFF0002 0 0 3
0 2 0 3 1 0 3 0 0 3
1 7FFF 0 7FFF 1 0 FFFE 0 0 3
1 FFFE 0 8000 1 0 FFFF7FFE 0 0 3
7FFF 0 0 8001 1 0 FFFF8001 0 0 3
8000 FFFE 0 FFFE 1 0 FFFE 0 0 3
7FFF 3 0 FFFF 1 0 17FFC 0 0 3
3 8000 1 0 1 0 FFFF4000 0 0 3
1 8000 1 1 1 0 FFFFC001 0 0 3
3 0 1 2 1 0 2 0 0 3
3 FFFF 1 3 1 0 2 0 0 3
3 0 1 7FFF 1 0 7FFF 0 0 3
FFFF 8001 1 8000 1 0 FFFFBFFF 0 0 3
7FFF 3 1 8001 1 0 3FFF 0 0 3
3 3 1 FFFE 1 0 2 0 0 3
8000 8000 1 FFFF 1 0 1FFFFFFF 0 0 3
FFFE 2 2 0 1 0 FFFFFFFF 0 0 3
3 FFFE 2 1 1 0 0 0 0 3
FFFF 2 2 2 1 0 2 0 0 3
2 7FFF 2 3 1 0 4002 0 0 3
8000 2 2 7FFF 1 0 3FFF 0 0 3
3 1 2 8000 1 0 FFFF8000 0 0 3
FFFF 8001 2 8001 1 0 FFFFA000 0 0 3
8000 FFFE 2 FFFE 1 0 3FFE 0 0 3
8000 FFFF 2 FFFF 1 0 1FFF 0 0 3
8000 8001 3 0 1 0 7FFF000 0 0 3
8000 8000 3 1 1 0 8000001 0 0 3
2 FFFE 3 2 1 0 2 0 0 3
1 FFFE 3 3 1 0 3 0 0 3
FFFE 1 3 7FFF 1 0 7FFF 0 0 3
7FFF 3 3 8000 1 0 FFFFAFFF 0 0 3
2 FFFF 3 8001 1 0 FFFF8001 0 0 3
1 7FFF 3 FFFE 1 0 FFD 0 0 3
3 1 3 FFFF 1 0 FFFFFFFF 0 0 3
FFFE 0 4 0 1 0 0 0 0 3
1 3 4 1 1 0 1 0 0 3
0 7FFF 4 2 1 0 2 0 0 3
FFFF 8001 4 3 1 0 802 0 0 3
2 0 4 7FFF 1 0 7FFF 0 0 3
FFFE 0 4 8000 1 0 FFFF8000 0 0 3
1 7FFF 4 8001 1 0 FFFF8800 0 0 3
8001 8001 4 FFFE 1 0 3FFEFFE 0 0 3
7FFF 0 4 FFFF 1 0 FFFFFFFF 0 0 3
2 8000 7 0 1 0 FFFFFE00 0 0 3
3 7FFF 7 1 1 0 300 0 0 3
1 8000 7 2 1 0 FFFFFF02 0 0 3
1 8001 7 3 1 0 FFFFFF04 0 0 3
FFFF FFFF 7 7FFF 1 0 7FFF 0 0 3
0 7FFF 7 8000 1 0 FFFF8000 0 0 3
2 FFFE 7 8001 1 0 FFFF8001 0 0 3
8000 8001 7 FFFE 1 0 7FFEFE 0 0 3
FFFE 8001 7 FFFF 1 0 1FE 0 0 3
8001 8000 8 0 1 0 3FFF80 0 0 3
8000 8001 8 1 1 0 3FFF81 0 0 3
8001 2 8 2 1 0 FFFFFF03 0 0 3
7FFF 3 8 3 1 0 182 0 0 3
FFFE 3 8 7FFF 1 0 7FFF 0 0 3
3 7FFF 8 8000 1 0 FFFF817F 0 0 3
FFFF 8000 8 8001 1 0 FFFF8081 0 0 3
7FFF FFFE 8 FFFE 1 0 FFFFFEFF 0 0 3
FFFE 1 8 FFFF 1 0 FFFFFFFF 0 0 3
8001 3 10 0 1 0 FFFFFFFF 0 0 3
7FFF 7FFF 10 1 1 0 4000 0 0 3
FFFE FFFF 10 2 1 0 2 0 0 3
FFFF 1 10 3 1 0 3 0 0 3
FFFE 7FFF 10 7FFF 1 0 7FFF 0 0 3
8000 FFFE 10 8000 1 0 FFFF8001 0 0 3
0 FFFF 10 8001 1 0 FFFF8001 0 0 3
7FFF FFFE 10 FFFE 1 0 FFFFFFFE 0 0 3
8001 8001 10 FFFF 1 0 3FFE 0 0 3
1 FFFF 1F 0 1 0 0 0 0 3
2 FFFF 1F 1 1 0 1 0 0 3
FFFE 1 1F 2 1 0 2 0 0 3
0 8000 1F 3 1 0 3 0 0 3
3 FFFE 1F 7FFF 1 0 7FFF 0 0 3
3 1 1F 8000 1 0 FFFF8000 0 0 3
FFFF 0 1F 8001 1 0 FFFF8001 0 0 3
2 2 1F FFFE 1 0 FFFFFFFE 0 0 3
2 FFFE 1F FFFF 1 0 FFFFFFFF 0 0 3
8001 7FFF 20 0 1 0 0 0 0 3
7FFF 0 20 1 1 0 1 0 0 3
1 1 20 2 1 0 2 0 0 3
0 1 20 3 1 0 3 0 0 3
0 8000 20 7FFF 1 0 7FFF 0 0 3
2 1 20 8000 1 0 FFFF8000 0 0 3
FFFE 2 20 8001 1 0 FFFF8001 0 0 3
FFFE 2 20 FFFE 1 0 FFFFFFFE 0 0 3
7FFF 1 20 FFFF 1 0 FFFFFFFF 0 0 3
0 0 21 0 1 0 0 0 0 3
8001 7FFF 21 1 1 0 1 0 0 3
7FFF 7FFF 21 2 1 0 2 0 0 3
7FFF 8001 21 3 1 0 3 0 0 3
8001 FFFF 21 7FFF 1 0 7FFF 0 0 3
FFFE 1 21 8000 1 0 FFFF8000 0 0 3
7FFF 0 21 8001 1 0 FFFF8001 0 0 3
8001 2 21 FFFE 1 0 FFFFFFFE 0 0 3
FFFE FFFE 21 FFFF 1 0 FFFFFFFF 0 0 3
0 8001 FF 0 1 0 0 0 0 3
FFFE FFFF FF 1 1 0 1 0 0 3
1 0 FF 2 1 0 2 0 0 3
0 2 FF 3 1 0 3 0 0 3
0 FFFF FF 7FFF 1 0 7FFF 0 0 3
8001 FFFF FF 8000 1 0 FFFF8000 0 0 3
0 3 FF 8001 1 0 FFFF8001 0 0 3
1 FFFE FF FFFE 1 0 FFFFFFFE 0 0 3
0 8000 FF FFFF 1 0 FFFFFFFF 0 0 3
0 0 4 3 1 1 3 0 0 37
0 1 0 FFFE 1 1 0 1 0 3
0 2 8 FFFF 1 1 FFFFFFFF 0 0 37
0 3 2 2 1 1 2 0 0 37
0 7FFF 1 8000 1 1 FFFF8000 0 0 37
0 8000 10 FFFF 1 1 FFFFFFFF 0 0 37
0 8001 8 FFFE 1 1 FFFFFFFE 0 0 37
0 FFFE 7 1 1 1 1 0 0 37
0 FFFF FF 0 1 1 0 0 0 37
1 0 1 8001 1 1 FFFF8001 0 0 37
1 1 21 7FFF 1 1 7FFF 0 0 37
1 2 21 FFFF 1 1 FFFFFFFF 0 0 37
1 3 0 8000 1 1 0 1 0 3
1 7FFF FF 3 1 1 3 0 0 37
1 8000 1F 0 1 1 FFFFFFDE 0 0 37
1 8001 1 8001 1 1 FFFF0002 0 0 37
1 FFFE 2 3 1 1 3 0 0 37
1 FFFF 3 8000 1 1 FFFF8000 0 0 37
2 0 7 8000 1 1 FFFF8000 0 0 37
2 1 3 FFFE 1 1 FFFFFFFE 0 0 37
2 2 21 FFFF 1 1 FFFFFFFF 0 0 37
2 3 FF 8001 1 1 FFFF8001 0 0 37
2 7FFF 20 FFFE 1 1 3D 0 0 37
2 8000 20 FFFE 1 1 FFFFFFBE 0 0 37
2 8001 1F 1 1 1 FFFFFFBD 0 0 37
2 FFFE 1 8001 1 1 FFFF7FFD 0 0 37
2 FFFF 21 7FFF 1 1 7FFF 0 0 37
3 0 8 7FFF 1 1 7FFF 0 0 37
3 1 0 3 1 1 0 1 0 3
3 2 1F 2 1 1 2 0 0 37
3 3 1 FFFF 1 1 8 0 0 37
3 7FFF 20 1 1 1 60 0 0 37
3 8000 8 3 1 1 FFFFFA03 0 0 37
3 8001 1F 8000 1 1 FFFF7F9A 0 0 37
3 FFFE 3 3 1 1 3 0 0 37
3 FFFF 0 8000 1 1 0 1 0 3
7FFF 0 3 7FFF 1 1 7FFF 0 0 37
7FFF 1 0 2 1 1 0 1 0 3
7FFF 2 FF 2 1 1 3 0 0 37
7FFF 3 20 3 1 1 62 0 0 37
7FFF 7FFF 0 7FFF 1 1 0 1 0 3
7FFF 8000 4 8000 1 1 FBFF8800 0 0 37
7FFF 8001 2 3 1 1 F0004003 0 0 37
7FFF FFFE 0 FFFF 1 1 0 1 0 3
7FFF FFFF FF FFFE 1 1 FFFFFFFE 0 0 37
8000 0 4 0 1 1 0 0 0 37
8000 1 21 7FFF 1 1 7FE1 0 0 37
8000 2 10 FFFF 1 1 FFFFFEFF 0 0 37
8000 3 7 8001 1 1 FFFF782B 0 0 37
8000 7FFF 10 FFFF 1 1 FFC0007F 0 0 37
8000 8000 20 8000 1 1 F8000 0 0 37
8000 8001 21 2 1 1 F0B68 0 0 37
8000 FFFE 1F 8000 1 1 FFFF8044 0 0 37
8000 FFFF 20 FFFE 1 1 1E 0 0 37
8001 0 10 3 1 1 3 0 0 37
8001 1 2 FFFE 1 1 FFFFDFFF 0 0 37
8001 2 10 0 1 1 FFFFFF01 0 0 37
8001 3 8 8000 1 1 FFFF7A01 0 0 37
8001 7FFF 1F 7FFF 1 1 FFEF73BE 0 0 37
8001 8000 21 2 1 1 F0B68 0 0 37
8001 8001 2 FFFE 1 1 FFFBFFE 0 0 37
8001 FFFE 1 3 1 1 10001 0 0 37
8001 FFFF 2 7FFF 1 1 9FFE 0 0 37
FFFE 0 10 2 1 1 2 0 0 37
FFFE 1 FF 8001 1 1 FFFF8001 0 0 37
FFFE 2 FF 0 1 1 0 0 0 37
FFFE 3 7 2 1 1 2 0 0 37
FFFE 7FFF 1 FFFE 1 1 FFFF0000 0 0 37
FFFE 8000 1 FFFE 1 1 FFFE 0 0 37
FFFE 8001 0 7FFF 1 1 0 1 0 3
FFFE FFFE 7 2 1 1 2 0 0 37
FFFE FFFF 20 2 1 1 2 0 0 37
FFFF 0 10 2 1 1 2 0 0 37
FFFF 1 10 8001 1 1 FFFF8001 0 0 37
FFFF 2 20 FFFF 1 1 FFFFFFFF 0 0 37
FFFF 3 3 FFFE 1 1 FFFFFFFE 0 0 37
FFFF 7FFF FF FFFE 1 1 FFFFFFFE 0 0 37
FFFF 8000 1 3 1 1 8003 0 0 37
FFFF 8001 10 0 1 1 7F 0 0 37
FFFF FFFE 0 8000 1 1 0 1 0 3
FFFF FFFF 20 FFFE 1 1 FFFFFFFE 0 0 37
8000 FFFE 0 0 1 1 0 1 0 3
3 1 0 1 1 1 0 1 0 3
FFFF 8000 0 2 1 1 0 1 0 3
1 7FFF 0 3 1 1 0 1 0 3
3 8001 0 7FFF 1 1 0 1 0 3
2 FFFF 0 8000 1 1 0 1 0 3
1 FFFF 0 8001 1 1 0 1 0 3
FFFF 7FFF 0 FFFE 1 1 0 1 0 3
0 7FFF 0 FFFF 1 1 0 1 0 3
3 3 1 0 1 1 9 0 0 37
FFFE 2 1 1 1 1 FFFFFFFD 0 0 37
8000 8001 1 2 1 1 3FFF8002 0 0 37
3 2 1 3 1 1 9 0 0 37
2 1 1 7FFF 1 1 8001 0 0 37
FFFE FFFF 1 8000 1 1 FFFF8002 0 0 37
8001 FFFF 1 8001 1 1 0 0 0 37
3 3 1 FFFE 1 1 7 0 0 37
0 1 1 FFFF 1 1 FFFFFFFF 0 0 37
FFFF 3 2 0 1 1 0 0 0 37
7FFF 3 2 1 1 1 6000 0 0 37
FFFE 7FFF 2 2 1 1 FFFFC003 0 0 37
3 8001 2 3 1 1 FFFFA004 0 0 37
7FFF 8000 2 7FFF 1 1 F0009FFF 0 0 37
FFFF 3 2 8000 1 1 FFFF8000 0 0 37
7FFF FFFE 2 8001 1 1 FFFF4002 0 0 37
8000 1 2 FFFE 1 1 FFFFDFFE 0 0 37
7FFF 3 2 FFFF 1 1 5FFE 0 0 37
3 2 3 0 1 1 0 0 0 37
7FFF 1 3 1 1 1 E39 0 0 37
8001 0 3 2 1 1 2 0 0 37
2 1 3 3 1 1 3 0 0 37
8000 2 3 7FFF 1 1 638E 0 0 37
1 1 3 8000 1 1 FFFF8000 0 0 37
0 1 3 8001 1 1 FFFF8001 0 0 37
8001 0 3 FFFE 1 1 FFFFFFFE 0 0 37
8001 FFFE 3 FFFF 1 1 1C70 0 0 37
FFFF FFFF 4 0 1 1 0 0 0 37
7FFF 7FFF 4 1 1 1 3FFF001 0 0 37
3 8000 4 2 1 1 FFFFE802 0 0 37
FFFF 7FFF 4 3 1 1 FFFFF804 0 0 37
2 0 4 7FFF 1 1 7FFF 0 0 37
0 3 4 8000 1 1 FFFF8000 0 0 37
8000 3 4 8001 1 1 FFFF6801 0 0 37
1 8000 4 FFFE 1 1 FFFFF7FE 0 0 37
FFFE 7FFF 4 FFFF 1 1 FFFFF000 0 0 37
1 1 7 0 1 1 0 0 0 37
8000 0 7 1 1 1 1 0 0 37
FFFE 8000 7 2 1 1 53B 0 0 37
FFFE 0 7 3 1 1 3 0 0 37
FFFE 7FFF 7 7FFF 1 1 7AC6 0 0 37
FFFF 7FFF 7 8000 1 1 FFFF7D64 0 0 37
2 FFFF 7 8001 1 1 FFFF8001 0 0 37
0 FFFE 7 FFFE 1 1 FFFFFFFE 0 0 37
8001 FFFE 7 FFFF 1 1 538 0 0 37
FFFF 8001 8 0 1 1 1FF 0 0 37
FFFE 8000 8 1 1 1 401 0 0 37
0 0 8 2 1 1 2 0 0 37
0 FFFF 8 3 1 1 3 0 0 37
8000 8000 8 7FFF 1 1 1007FFF 0 0 37
8000 8000 8 8000 1 1 FF8000 0 0 37
1 1 8 8001 1 1 FFFF8001 0 0 37
7FFF 8001 8 FFFE 1 1 FF0003FE 0 0 37
FFFE FFFF 8 FFFF 1 1 FFFFFFFF 0 0 37
0 0 10 0 1 1 0 0 0 37
1 FFFE 10 1 1 1 1 0 0 37
2 FFFE 10 2 1 1 2 0 0 37
FFFE FFFE 10 3 1 1 3 0 0 37
3 8000 10 7FFF 1 1 7E7F 0 0 37
8001 7FFF 10 8000 1 1 FFBF8100 0 0 37
3 8001 10 8001 1 1 FFFF7E82 0 0 37
FFFE 8000 10 FFFE 1 1 FE 0 0 37
8000 1 10 FFFF 1 1 FFFFFF7F 0 0 37
8001 0 1F 0 1 1 0 0 0 37
8001 8000 1F 1 1 1 110C64 0 0 37
3 2 1F 2 1 1 2 0 0 37
8001 7FFF 1F 3 1 1 FFEEF3C2 0 0 37
3 FFFE 1F 7FFF 1 1 7FFF 0 0 37
7FFF 3 1F 8000 1 1 FFFF8066 0 0 37
8000 1 1F 8001 1 1 FFFF7FDF 0 0 37
0 7FFF 1F FFFE 1 1 FFFFFFFE 0 0 37
0 FFFE 1F FFFF 1 1 FFFFFFFF 0 0 37
7FFF 2 20 0 1 1 3F 0 0 37
FFFE 2 20 1 1 1 1 0 0 37
7FFF FFFE 20 2 1 1 FFFFFFC3 0 0 37
FFFF 8000 20 3 1 1 23 0 0 37
8000 FFFE 20 7FFF 1 1 803F 0 0 37
FFFE 3 20 8000 1 1 FFFF8000 0 0 37
2 8001 20 8001 1 1 FFFF7FC2 0 0 37
0 3 20 FFFE 1 1 FFFFFFFE 0 0 37
0 0 20 FFFF 1 1 FFFFFFFF 0 0 37
0 8000 21 0 1 1 0 0 0 37
7FFF 0 21 1 1 1 1 0 0 37
0 8001 21 2 1 1 2 0 0 37
FFFF FFFF 21 3 1 1 3 0 0 37
8000 8000 21 7FFF 1 1 F8B83 0 0 37
FFFF FFFE 21 8000 1 1 FFFF8000 0 0 37
FFFF 2 21 8001 1 1 FFFF8001 0 0 37
7FFF 8001 21 FFFE 1 1 FFF0F4B6 0 0 37
3 3 21 FFFF 1 1 FFFFFFFF 0 0 37
8000 3 FF 0 1 1 FFFFFFFF 0 0 37
FFFF 8001 FF 1 1 1 1 0 0 37
8001 FFFF FF 2 1 1 2 0 0 37
FFFF 0 FF 3 1 1 3 0 0 37
7FFF FFFF FF 7FFF 1 1 7FFF 0 0 37
2 3 FF 8000 1 1 FFFF8000 0 0 37
8001 7FFF FF 8001 1 1 FFFF3F82 0 0 37
7FFF 0 FF FFFE 1 1 FFFFFFFE 0 0 37
8001 8000 FF FFFF 1 1 407F 0 0 37
181B D01B B8 3326 1 0 3326 0 0 3
A2B3 91ED 10 E7FF 0 0 144BD 0 0 3
F71 AE53 1A C04B 0 1 4BBAD 0 0 37
E4A3 6823 4 7B16 0 0 5D092BA 0 0 3
EA55 8191 2 6ED4 0 1 1DA6D29D 0 0 37
517F DF81 1 694D 1 0 FAD4424D 0 0 3
58E1 962C 31 23C1 1 1 FFFC38E1 0 0 37
5E40 C2E3 58 B360 1 0 FFFFB360 0 0 3
E742 D9D7 0 CADA 1 0 3AFF548 0 0 3
7AA5 D170 1D 1718 0 0 171B 0 0 3
8A0D C94F D AD27 1 1 25D8CA 0 0 37
1B3F 74E6 FB 1252 0 0 1252 0 0 3
94E1 81F2 4 CB5B 1 1 34BBD36 0 0 37
4239 DE27 B9 516A 1 1 40A6 0 0 37
ABCF 7EAF 1 AFBA 0 0 2A8359FA 0 0 3
2FCE E38 7 B19 0 1 DEA4D 0 0 37
AA6 CEEF B 7506 0 1 12AB03 0 0 37
8C9B CE7C 4B C104 1 0 FFFFC104 0 0 3
C080 DA3B B D533 1 1 13A76D 0 0 37
110E 631A 21 E773 1 1 174C3 0 0 37
205A EA44 10 FD83 1 0 FFFFFAC4 0 0 3
A8A5 24B9 63 6399 1 0 6399 0 0 3
5853 E19D 3 3D24 0 0 9BB20E0 0 0 3
E812 E8A0 20 5F5A 0 1 3517B0 0 0 37
B510 EC8D CD 1500 1 1 1DE0 0 0 37
5B23 AF07 A 3B27 1 0 FFF90642 0 0 3
F7BD 8B7A 3 F7F7 1 1 6AEEF9 0 0 37
A729 1D21 C 4301 1 0 FFFFA145 0 0 3
DD83 5C9D 19 2279 0 1 20F563 0 0 37
4523 1BA7 E9 F1BE 0 1 FAC1 0 0 37
C81C BA3F 61 B4A7 0 1 4AAAE 0 0 37
F176 59D3 C8 1FB5 1 0 1FB5 0 0 3
F444 6090 3A EC97 0 0 EC97 0 0 3
565 602C 11 1D10 1 1 1E89F 0 0 37
E121 E357 4C AEC5 0 1 98B2B 0 0 37
45D9 DA18 B2 C672 1 0 FFFFC672 0 0 3
BDDC 4D4 2 7FEE 0 0 E5AA7A 0 0 3
32D0 6856 E 2344 1 1 1B2FC3 0 0 37
3D7A A31C 19 E144 0 0 E157 0 0 3
7FDD 4936 8C 271F 0 1 A163 0 0 37
6135 F10E 3F DA05 1 1 FFFF7C51 0 0 37
7ABD FDA6 2F 5316 0 0 5316 0 0 3
174A B31C 8 A3B1 1 0 FFF8A4FC 0 0 3
74F1 55F1 19 AFB 1 1 101F81 0 0 37
8ACD A6B5 20 C73B 1 0 FFFFC73B 0 0 3
CE65 D013 18 951F 1 0 FFFF9528 0 0 3
5F27 E253 15 87A3 1 0 FFFF874B 0 0 3
D2C8 BBF6 4 DBB0 1 0 C025F3 0 0 3
963A 25E3 89 A232 0 1 EFD3 0 0 37
5535 5312 2E 7640 1 1 3CE96 0 0 37
4795 D74B 8 14A2 1 1 FFD28D11 0 0 37
42A0 DA41 7 1A40 0 1 128DC6D 0 0 37
9C8 25C8 15 98BB 0 1 16F40 0 0 37
A8E8 9A1B 19 DADA 1 0 FFFFDAEB 0 0 3
2FC F751 19 8B97 0 0 8B98 0 0 3
386E ADFE D 5D4C 1 0 FFFFCCAF 0 0 3
5586 B4E A1 4325 0 1 4CB1 0 0 37
BC45 942B 7 C7E6 1 0 38D6ED 0 0 3
734 FF57 AF F230 0 0 F230 0 0 3
324E 368F D5 D32D 1 0 FFFFD32D 0 0 3
50AC B744 B 27E8 0 0 75FF4 0 0 3
3060 10DB 1A 979 0 0 979 0 0 3
4674 1466 D 2A9 1 1 8839E 0 0 37
6BC6 8BD2 F5 DB19 0 1 11B5D 0 0 37
484C EE55 11 6EA4 1 1 FFFC0329 0 0 37
5DF4 9979 E CFA5 1 0 FFFF3922 0 0 3
4066 D933 1 B49B 1 1 F63CFEED 0 0 37
414D CBE4 20 BF97 1 0 FFFFBF97 0 0 3
54A 2E8A 5D A0FE 0 1 A847 0 0 37
3353 904 98 90 1 0 90 0 0 3
2B0C FB3 E7 1AF6 1 0 1AF6 0 0 3
E46D 81BC 67 554A 1 1 A94D 0 0 37
5F98 FABB D2 7571 1 0 7571 0 0 3
B019 474A B2 CE7 0 0 CE7 0 0 3
2BF8 52A D CCCC 1 0 FFFFD3E4 0 0 3
50DA 340C 73 3752 0 0 3752 0 0 3
5757 CD91 36 CABD 1 0 FFFFCABD 0 0 3
BAF3 748B C7 6B55 1 1 3750 0 0 37
1ECD 7585 D 640F 0 1 15CF24 0 0 37
EE7 4EB5 17 C621 0 0 C62A 0 0 3
C999 4594 14 B3E0 1 1 FFF63D57 0 0 37
D2A6 8EFD 6 7962 1 0 508E6A 0 0 3
5ACA 1957 A D585 0 1 17D701 0 0 37
AE51 35DB E 784F 0 1 305E0B 0 0 37
C9F9 25B1 10 DDFD 0 1 1E9A9F 0 0 37
201F 5540 C 633F 0 0 10E64 0 0 3
F0E6 C9A1 11 BEF8 0 0 11DD6 0 0 3
5B2A EDE 12 9F0F 1 1 3CDF4 0 0 37
4F6 4C48 83 A1B4 1 0 FFFFA1B4 0 0 3
8343 D3F7 29 A3B2 1 0 FFFFA3B2 0 0 3
9DA6 A87D F4 A85 1 0 A85 0 0 3
1BAF DC5A E0 D1A2 0 1 F0C1 0 0 37
41BC 882 20 DE51 1 1 6A21 0 0 37
5D5B B68 9F 7103 0 1 7BCB 0 0 37
D689 71B7 1 1DD9 0 1 5F4BF2C8 0 0 37
1A20 179A 1A 6F1D 0 0 6F1D 0 0 3
DD71 2A2B 1E B16D 0 1 B117E 0 0 37
DEB7 C92C F1 4A3D 1 0 4A3D 0 0 3
D9F7 F98E C 2DF1 1 1 1E1C2 0 0 37
D94B 3B2 21 E26B 1 1 FFFFC0CC 0 0 37
24DF 5CFD 3 C132 0 1 17DB53D 0 0 37
4252 87D7 D5 3FBF 0 0 3FBF 0 0 3
721 86D8 37 95EA 1 1 FFFF4CD2 0 0 37
B068 6FF4 2 DFDC 1 0 F74C2EA4 0 0 3
368E B405 0 F775 0 0 265DE03B 0 0 3
D080 2365 C6 FAE6 1 1 FFFFEFEC 0 0 37
72E1 B943 6 3953 1 0 FF813FFB 0 0 3
41E2 11E0 68 5934 1 0 5934 0 0 3
C6C6 F252 E8 8735 1 0 FFFF8735 0 0 3
CDD 2ACC 1F 38E0 1 1 CB86 0 0 37
832C 81A6 20 D324 0 0 D324 0 0 3
F509 A747 E6 116C 1 1 1621 0 0 37
80D7 3543 9 16F8 1 0 FFF2DC96 0 0 3
CD11 E202 F 5E03 0 0 1C818 0 0 3
1B13 C084 66 7C54 1 0 7C54 0 0 3
1FC0 8434 18 C9B4 0 1 8133C 0 0 37
B889 6261 10 380A 0 0 7EF4 0 0 3
684B 4221 1E 1015 1 1 7B9D5 0 0 37
6D7F 2317 E 93BF 0 1 142E21 0 0 37
4056 A3D3 A 4619 0 0 A910B 0 0 3
5F81 6D14 16 A225 1 1 15282A 0 0 37
FCE4 40F7 1C D2A1 1 1 FFFF90AC 0 0 37
CDAB 52E2 57 4846 1 0 4846 0 0 3
6E3E 4C72 42 90CA 1 0 FFFF90CA 0 0 3
2472 3C58 D3 2702 0 1 33A7 0 0 37
E4E4 10B9 5A 999F 1 1 FFFF8B4C 0 0 37
7B26 79A 4 9291 1 0 3A147E 0 0 3
1FBD 8E95 D3 1FE8 0 1 39ED 0 0 37
B8AC 16C4 1F 1F56 0 0 1F56 0 0 3
1C70 46E8 3 DDC8 1 1 DFE90F 0 0 37
C3B 5640 1 1E66 1 0 20F8EC6 0 0 3
E60D 796B E2 299C 0 0 299C 0 0 3
D0C6 5E6B C A5A0 1 1 FFE0AE74 0 0 37
1C2D 4012 5 14D2 1 0 387EAB 0 0 3
DBCC 2FC3 2 789D 0 0 A40F0B6 0 0 3
F0B6 528 11 F33C 1 0 FFFFF315 0 0 3
CA4A 8E4E AB 8974 0 1 18579 0 0 37
FA36 627B 50 2243 1 0 2243 0 0 3
C077 D44B 12 EFE1 1 1 881FF 0 0 37
9CEB 2F2C 0 C2CD 1 0 EDBDE031 0 0 3
E141 8FBB 1C F442 1 1 45B64 0 0 37
6C3E 4A37 BB DF5 1 1 48C4 0 0 37
86F9 D37D C F9A8 0 0 7F1BA 0 0 3
CEB A12E 81 6F4D 0 1 8F54 0 0 37
FDE3 8FDB 71 9C1 0 1 2E5FC 0 0 37
7E32 50C0 14 30E3 0 1 19AAA9 0 0 37
E899 4B54 D 8CED 0 0 2B076 0 0 3
A73D 42D3 DF 35E6 0 1 6F6D 0 0 37
D4FB FC3D C7 5605 0 1 1B14D 0 0 37
DD74 4427 53 B506 1 0 FFFFB506 0 0 3
73B4 5770 13 1508 0 0 19F8 0 0 3
8C0E A51B 21 265C 0 1 156241 0 0 37
8720 6EB3 8 5E2E 0 1 EA171B 0 0 37
5874 D003 41 7954 1 0 7954 0 0 3
216B AEE3 41 3A80 1 1 FFFF9642 0 0 37
A56A 6065 55 DC57 1 1 FFFEA6F2 0 0 37
898D 77FC 0 8834 0 1 0 1 0 3
4CDF 8F8B A8 7E90 1 0 7E90 0 0 3
94C FA98 39 E45C 0 1 19BED 0 0 37
4639 9D5C 21 C685 1 1 FFF96A2E 0 0 37
BA25 BC3E 9B C2E9 1 0 FFFFC2E9 0 0 3
50C0 3844 B 77E3 0 0 2AFD1 0 0 3
43BD 87DC 18 4A76 1 1 FFF22985 0 0 37
C4AF B621 24 7D3C 0 1 1C2123 0 0 37
8D32 CFC7 1E F3C5 1 0 FFFFF3C5 0 0 3
D616 D83A 8 BE64 1 0 64174 0 0 3
B282 CDCE 20 DDEE 0 0 DDEE 0 0 3
BB31 7B17 97 E2FD 0 0 E2FD 0 0 3
6F1F 40AA 2D 452D 0 0 452D 0 0 3
6D43 4387 0 796D 0 0 1CD2A0C2 0 0 3
E864 1338 5 34F1 0 0 8BC700 0 0 3
2E0E B7EA 6 4FB6 0 0 84A821 0 0 3
199A 9669 E5 CCF4 0 1 DFC0 0 0 37
D9 CB30 B C464 1 1 FFFF65AE 0 0 37
F0B9 DD1B BB C44A 1 1 FFFFC831 0 0 37
35D7 FB19 6 6862 0 1 177EFE9 0 0 37
70AC DFA6 3 3229 0 1 AF0128D 0 0 37
3FB8 E0A0 D2 F13F 0 1 14454 0 0 37
EAE5 98A3 BF AE6B 0 0 AE6B 0 0 3
BF8C 8923 34 7A79 0 0 7A79 0 0 3
4A30 9BD AB F206 0 0 F206 0 0 3
12DB 745 85 DB5C 0 1 DD57 0 0 37
97F1 59D0 F3 BEAA 0 1 F9D3 0 0 37
1CD4 6F8B 3 5611 0 0 1924874 0 0 3
E08B 78F8 6D 2AB4 1 1 FFFFD8B6 0 0 37
D6A E197 94 BD95 0 1 E0F2 0 0 37
B34D 6494 0 9D3 1 0 E1DDC657 0 0 3
5E2F 7F32 F 23BD 0 1 3561FC 0 0 37
C80C 54E5 29 2DB9 1 1 FFFD5A54 0 0 37
57F8 7306 8A 99EB 0 1 121EF 0 0 37
7569 BB4A 6 1DBD 0 0 157B44A 0 0 3
ADD6 14D3 BD B024 1 1 FFFFA3E1 0 0 37
92E D5A3 4 9C02 1 0 FFE74DE7 0 0 3
1C29 304F 12 FB7C 1 1 42E59 0 0 37
CF10 82D5 4 CDAC 1 0 17EA431 0 0 3
E2B1 79D6 7F DE33 1 1 FFFFA586 0 0 37
65D5 F6EF C2 51C5 1 1 4B7E 0 0 37
F830 1DF2 1B 71CB 0 1 AA3AD 0 0 37
8708 81CA 1 3A8C 0 1 4475CEDC 0 0 37
51ED 9881 24 FDFE 0 0 FDFE 0 0 3
9E5A DA6B 7C 73A5 1 0 73A5 0 0 3
2E40 7BF1 FC 59D1 1 0 59D1 0 0 3
9466 2C12 3A 38B4 0 1 22A64 0 0 37
D554 FBFA 2A 5C67 0 0 5C67 0 0 3
9100 3634 5 8AD9 1 0 FF438679 0 0 3
B727 93B6 CE 89F7 1 1 FFFFB98D 0 0 37
AF08 8B31 8 EB4B 0 1 17D96AD 0 0 37
87D 1767 20 C53A 1 1 FFFFF6E3 0 0 37
47C4 9284 6 FCAE 0 1 125107C 0 0 37
6F5C FE69 4A 3E24 1 0 3E24 0 0 3
A019 98D2 1E 89B9 0 1 1BB8FD 0 0 37
E710 DA12 6 C15D 1 0 E88D9 0 0 3
3E9 2782 3 7AA0 0 0 13CA0A 0 0 3
8045 93E2 15 1A57 1 1 1F6AF2 0 0 37
EBD5 3655 7B F53B 1 1 FFFFE2B1 0 0 37
EE89 C998 12 7747 0 1 94E219 0 0 37
BEC6 5CF8 15 81E1 0 0 840B 0 0 3
7E90 91BE D0 2E51 1 0 2E51 0 0 3
4AF7 CC18 32 450B 1 1 FFFEB697 0 0 37
B5AD FB66 35 B111 1 1 FFFFD03C 0 0 37
DE5F FDEE 4A 7DA 0 0 7DA 0 0 3
24B6 AA5F 26 D1EF 1 0 FFFFD1EF 0 0 3
82BA 682C 18 83F3 0 0 8428 0 0 3
2A0F 757 4 C35C 1 1 130E9D 0 0 37
A5EC 40CA BA E0A3 0 0 E0A3 0 0 3
EFE 201C D DD0B 0 1 3B63F 0 0 37
2DE 8BE4 83 FED3 0 1 104CE 0 0 37
1EA7 90C4 19 BE4D 0 0 BE55 0 0 3
F983 AFA9 D 346E 0 1 1038CB1 0 0 37
1787 400F 12 74E3 1 1 51BB4 0 0 37
1C37 1D93 19 C0B9 0 1 21681 0 0 37
F18 DC88 1C 26D1 0 1 465B8 0 0 37
1F05 DDB4 61 E429 1 0 FFFFE429 0 0 3
D505 B9D7 EA 3078 0 1 E98D 0 0 37
1AE3 9E60 D8 2472 1 1 160C 0 0 37
63CB 67E5 1A 5C38 1 1 FB28A 0 0 37
E2F7 6895 1C 8E87 0 1 1ED533 0 0 37
7CD1 93A0 7 83F9 0 0 907804 0 0 3
A105 FEC1 11 4DFE 1 1 B6D5 0 0 37
10A1 D680 4 DDC6 0 0 DFCC2E 0 0 3
4217 36F4 18 69E9 0 0 69F7 0 0 3
167E 1CFE F D19A 1 0 FFFFD6B2 0 0 3
E439 E6A8 2 F532 0 0 3369340C 0 0 3
A6B9 1D3E 48 7F01 1 0 7F01 0 0 3
6195 E4A3 6E E591 1 1 FFFFAD13 0 0 37
6E79 1EBE EE FE2A 0 1 10D83 0 0 37
A474 3CC8 68 675D 1 1 FFFFE3AA 0 0 37
DCBB C391 6E C2C 1 0 C2C 0 0 3
4E5D 9DAF 1E 1319 1 0 1319 0 0 3
C877 6BC8 19 3FD5 0 0 3FFF 0 0 3
AE16 C0C3 15 C172 1 0 FFFFC213 0 0 3
D37 7444 F0 1F9 1 1 8CD 0 0 37
4833 BA2D 5 1775 1 1 FF367104 0 0 37
8AAB C004 7 2986 0 0 D02E5B 0 0 3
1A1C C4D4 2 1872 1 1 FE7DDC3E 0 0 37
E2C2 96D6 1D E0E7 1 1 38900 0 0 37
73D4 73F8 F 7DB1 0 0 E6A1 0 0 3
13CD 3A72 1A DEBF 1 1 194FF 0 0 37
742E DAE1 5A D9FA 1 1 FFFF51AD 0 0 37
8A4E 52A6 1F 1775 1 1 FFF5F834 0 0 37
1325 1CBA EF E6E2 1 0 FFFFE6E2 0 0 3
7A19 52CE D4 ADB6 0 0 ADB6 0 0 3
880E 415D B7 6091 1 0 6091 0 0 3
1D5C D883 7 F740 1 1 FFE84E3C 0 0 37
B663 79DD D D731 0 0 38DC2 0 0 3
B939 A096 71 A835 0 0 A835 0 0 3
BDAE EF32 19 198A 1 1 1E208 0 0 37
DD71 6D9D 2 D881 0 0 17B51354 0 0 3
23CD 6C3B 44 7249 0 1 148CD 0 0 37
291C 764E 21 1DB 1 0 1DB 0 0 3
BFB3 BC5D B3 3CBE 0 0 3CBE 0 0 3
FA4 267A FE AC4F 1 0 FFFFAC4F 0 0 3
1432 642B 20 C91E 0 0 C91E 0 0 3
A69C B7BF 8D 3DE9 1 0 3DE9 0 0 3
A681 AB71 17 5BF 1 0 5FA 0 0 3
264F 173F 4B ADED 1 0 FFFFADED 0 0 3
9A71 8E15 CF 11BE 1 1 56DC 0 0 37
CCF 7254 E6 E043 1 0 FFFFE043 0 0 3
C551 691E 21 D482 0 0 D482 0 0 3
7560 1591 AA F92F 1 1 F9B 0 0 37
EE65 DB4B F7 1256 0 0 1256 0 0 3
56C9 15E7 5 C720 0 0 3C2D82 0 0 3
FC89 1BA5 C7 1D32 1 1 1C94 0 0 37
3E2F DB4D 8 B194 0 0 35F67D 0 0 3
372F 4B13 6 967F 1 0 4051F4 0 0 3
47EE 923A 17 4E09 1 1 FFF160ED 0 0 37
73A0 898E 7 1E3D 0 1 144B47F 0 0 37
1F45 FAF4 8B 2412 1 1 21FB 0 0 37
D76A 7905 3 97D2 0 1 B512ED4 0 0 37
3D39 F9CB C DD03 1 1 FFFD3970 0 0 37
E09D B9EA F6 EAEF 0 1 19B95 0 0 37
9334 B5F9 2 A773 0 0 1A2963D8 0 0 3
971D DA28 F 4E5D 0 1 92D2B1 0 0 37
A655 D771 1D FC80 0 1 2B9899 0 0 37
3FC3 C4F7 7 EE6D 1 0 FFE28610 0 0 3
73A5 557D 44 7F71 1 0 7F71 0 0 3
E2D1 73A2 83 EDC0 1 0 FFFFEDC0 0 0 3
2972 A64 BD B586 0 0 B586 0 0 3
69E5 FB4E C0 5CB4 0 0 5CB4 0 0 3
F904 4A1C 4 880 0 0 4816EC7 0 0 3
7771 7A44 15 8C62 0 1 21A9BE 0 0 37
89B4 407C 21 8711 0 0 8711 0 0 3
E345 7176 DA 68CF 1 1 5740 0 0 37
D9B9 7245 AC CC63 0 1 1A3AC 0 0 37
7B6E B8BF 4 809D 0 1 591B30E 0 0 37
B0BF 7A6 E4 C6E6 0 0 C6E6 0 0 3
9C3A F087 91 BECD 1 1 FFFFD198 0 0 37
4EBC 570A 1C 37E6 0 0 37E7 0 0 3
6CE9 D3CB 9B 778 1 0 778 0 0 3
A439 C554 D DDF9 1 0 863E 0 0 3
FFA5 6329 94 44BE 1 1 4455 0 0 37
456D 9D7B 0 FDE7 0 0 2AB63246 0 0 3
8E57 1B63 15 72CB 0 0 7344 0 0 3
6194 531 1B DB74 1 0 FFFFDB74 0 0 3
AAAF 9BC5 F1 10D5 0 1 8604 0 0 37
B7CA F74B B 80D2 1 1 4B30D 0 0 37
F2E4 E06 B6 4535 1 0 4535 0 0 3
A11 2603 43 1098 1 1 266A 0 0 37
111D A632 D5 E5FF 0 1 F60B 0 0 37
28A0 58CA B8 FBA6 1 1 16EC 0 0 37
1266 C130 13 FEF0 1 0 FFFFFE60 0 0 3
A2BA F6B8 B 68C6 0 1 14C3559 0 0 37
CBE4 FD89 5 5C0C 0 1 81418E3 0 0 37
BC2C CE08 12 9497 1 1 A0A8B 0 0 37
D9C6 CA15 5 5AA4 1 1 52CC4A 0 0 37
AED7 5943 6E A36A 0 0 A36A 0 0 3
9AAF 5D54 C2 FD7E 1 1 FFFFBD2D 0 0 37
A113 ECFE 15 8641 0 1 5715D4 0 0 37
136A 898F 8 3EC0 0 1 29F908 0 0 37
8705 2F13 6B FA4E 1 0 FFFFFA4E 0 0 3
1090 DF0B 7D F25B 0 1 12EE1 0 0 37
26A5 C51A F5 E991 0 0 E991 0 0 3
4DA 81FE 17 4717 1 1 FFFF1F3F 0 0 37
2D8E 2FA1 15 E1A8 0 0 E1EB 0 0 3
F3FB 1F5C 12 808A 0 1 181DD5 0 0 37
42A6 6C6 9 B707 0 0 198BF 0 0 3
B16A 37AA C 1A9F 0 1 44AF38 0 0 37
1F77 7C6A ED 4CBC 0 1 5E93 0 0 37
E867 AE32 B 9D5 0 0 13CE41 0 0 3
7685 7C6B B 8451 1 0 6B78F 0 0 3
C51D E183 B E2A9 0 0 169714 0 0 3
EA DE1F 21 B067 1 1 FFFFA920 0 0 37
2632 37D8 77 D2D1 1 1 FFFFF960 0 0 37
6C21 CE13 8B 5AB2 1 0 5AB2 0 0 3
446B 6AD0 69 6227 0 0 6227 0 0 3
E3CA 3F3D 3B 78BF 0 1 49C1E 0 0 37
EFA6 E1C3 C6 AF27 0 0 AF27 0 0 3
2170 3B9F 11 C401 0 1 7A9F1 0 0 37
C8FB 3D66 EB 8B33 1 1 FFFF7B8B 0 0 37
3ADD D292 6 E7E7 1 0 FFD61F58 0 0 3
5A6 24AA DF E1C6 1 1 FFFFE2D6 0 0 37
BF81 42B5 E1 9E8B 1 0 FFFF9E8B 0 0 3
6611 3051 20 89F9 0 1 55AD7 0 0 37
6369 536E E E6CC 1 1 2A3775 0 0 37
B50C ACFD 1A 9715 1 1 8CB56 0 0 37
8FB6 BC7A D5 21A8 0 0 21A8 0 0 3
9D7E 1F01 12 5D0A 1 0 5A0F 0 0 3
27DA E972 15 775C 0 0 787E 0 0 3
BA7C E969 1F B8E5 1 0 FFFFB8E5 0 0 3
7EC3 67CF 5 8626 0 1 20EE1DB 0 0 37
7DF7 7F70 76 5710 0 0 5710 0 0 3
FB77 F25 7 994B 1 1 FFFE3276 0 0 37
BE24 82ED AE 85AD 0 1 1582B 0 0 37
2B6C E09C 1 F390 0 0 130D6E78 0 0 3
9FFD 3EA5 83 F78 0 0 F78 0 0 3
2C68 E090 17 F269 1 0 FFFFF25F 0 0 3
FD84 F4A9 18 4162 1 0 4162 0 0 3
7055 5741 C0 615D 1 1 A56D 0 0 37
E78D 3D4D 50 14E0 1 0 14E0 0 0 3
4816 BB67 3 9614 0 1 5DD982C 0 0 37
EE2C EA04 F1 111D 0 0 111D 0 0 3
D1C3 E828 5 6C04 0 0 5F237F7 0 0 3
BD0E 6733 2A 2B20 1 1 FFFC4081 0 0 37
A818 38A4 9 E10A 0 0 137981 0 0 3
B8E6 3928 8A 71 1 1 FFFFC9D0 0 0 37
5C8E C288 16 587E 1 1 FFF49752 0 0 37
1A0C D426 38 4001 1 1 FFFFE2C4 0 0 37
9FA3 7F41 1 426E 1 0 E80CF520 0 0 3
9CC0 2963 EA 90C5 0 1 AF19 0 0 37
9EA2 9D91 C DD7A 1 0 2347D 0 0 3
F76C E09A 20 8641 0 1 36CB16 0 0 37
CF50 32BB 7 5B18 0 1 D6FD5E 0 0 37
313B 79DB 2 8994 0 0 5DC49B2 0 0 3
68C6 8266 10 A8EA 0 0 DE48 0 0 3
45E0 9346 12 29F3 1 0 2288 0 0 3
D689 2F6 42 B1B5 1 1 FFFFAA7E 0 0 37
2C55 2391 6 79FB 0 1 2C464A 0 0 37
8CAC 5D84 10 68A1 0 1 33CBA5 0 0 37
5DE4 6F20 F B54F 0 1 2F146C 0 0 37
FB66 9BC2 1B 1B11 1 0 1B11 0 0 3
17D3 F357 7 2112 0 1 76716E 0 0 37
E74C D914 D 5068 0 0 67173 0 0 3
E39F 23A6 D6 36F1 1 1 314A 0 0 37
4B89 4C99 79 BEBA 0 0 BEBA 0 0 3
CA32 78DD C4 5C82 1 1 312D 0 0 37
E923 4569 A 36B8 0 0 10043B 0 0 3
12E E1D8 D5 D38A 1 0 FFFFD38A 0 0 3
30EC BCA7 15 5204 0 1 153F92 0 0 37
EBF6 394C 64 F8DC 0 0 F8DC 0 0 3
96FD 602D 51 7FA2 0 0 7FA2 0 0 3
9D7F F3E8 E4 D31D 0 1 19049 0 0 37
37D9 5269 79 96BC 0 0 96BC 0 0 3
85CF E331 A 3F52 0 1 1303FBC 0 0 37
E2F9 BD27 14 B5BE 0 1 6C0A7C 0 0 37
A903 9DB0 A 1B6F 0 1 10A9E15 0 0 37
50E8 3074 18 2B0D 1 1 6F958 0 0 37
C4F6 9302 D CF1F 1 1 25E281 0 0 37
86E D0E9 74 8F7E 1 1 FFFF87F1 0 0 37
C96C 3056 1C 7F1B 1 0 7F1B 0 0 3
625 8DB5 D 11A0 1 1 FFFBE9D3 0 0 37
AA1 9776 B2 9500 1 1 FFFF8C06 0 0 37
7419 6A35 1 DDF6 0 1 302B4123 0 0 37
1274 AFD B 2DF2 0 0 474A 0 0 3
7932 72DF 83 A23F 0 1 171EC 0 0 37
94E3 6E85 B 4D40 0 0 8561C 0 0 3
6376 574C 4 8012 0 0 21F2A22 0 0 3
FEF6 A358 FC F5A7 1 0 FFFFF5A7 0 0 3
D52 720E 4 15A6 1 1 5F098D 0 0 37
39C7 518 0 1DDB 0 0 1266B83 0 0 3
E0CD 6F9D 19 6534 0 0 6565 0 0 3
3D16 38B5 8 2AA2 0 1 364AA4 0 0 37
A107 2EBB 21 8DE1 0 0 8DE1 0 0 3
ADB4 E6BF F7 251C 0 0 251C 0 0 3
E60A C881 AB 9128 1 0 FFFF9128 0 0 3
CB1 4A6B C E594 1 0 209B 0 0 3
D2D2 A3 1 D684 0 1 87123A 0 0 37
2F39 40E2 A D518 1 1 1E78C6 0 0 37
302D 8E9 21 5355 0 0 5355 0 0 3
1F8A 1770 4F A8 1 1 1EFA 0 0 37
1FEC B4AF FD B929 0 1 D03A 0 0 37
2E06 F65F 10 622B 1 0 6070 0 0 3
D020 8AC9 10 9522 0 0 105F6 0 0 3
980B 4849 59 BFC 1 1 FFFF191F 0 0 37
489C 8C8A FD 8A7B 0 0 8A7B 0 0 3
572C 7B9C A0 49A4 1 1 B564 0 0 37
8A13 4EC0 7 75F1 1 1 FF42EFE8 0 0 37
BB4C B670 1F 5B0C 0 0 5B0D 0 0 3
B1DB 50C1 18 AD9 1 1 FFF51632 0 0 37
D1F AF19 98 2E22 0 0 2E22 0 0 3
B6C7 3FCF 1D C51F 1 0 FFFFC51F 0 0 3
8C10 85E3 E7 2E35 1 0 2E35 0 0 3
22BF 3BC0 7 4A7A 0 0 1082A2 0 0 3
5E9D DDB4 6 84E1 1 0 FFCCD11F 0 0 3
5473 9325 7 A16D 1 0 FFB7CFE9 0 0 3
C24F 82BB 2F AA59 1 1 329F2 0 0 37
4440 E73D 11 1024 0 0 2EF7 0 0 3
8CA4 46BE 4 3C4C 1 1 FE022FE8 0 0 37
5709 70 B6 A246 1 1 FFFFA291 0 0 37
B3B7 CDAD 2F 155 1 1 1BE3B 0 0 37
6FBD 32CE 1 79B6 0 1 162D4DCC 0 0 37
6E69 7635 7 1071 0 1 10A6A99 0 0 37
B014 5BF2 C 7BDE 0 0 46FB6 0 0 3
35E2 4642 9 8888 1 0 6ED60 0 0 3
9EFF DE7F F3 9DC 1 0 9DC 0 0 3
93F 1AAC 84 9A23 0 0 9A23 0 0 3
A7E4 8A0C B4 2981 0 1 E0A1 0 0 37
9499 181F 6D 71F8 0 0 71F8 0 0 3
530E 13FA B 1D59 1 0 ECBD 0 0 3
99C2 EA89 1B 1712 1 1 319BE 0 0 37
7DAE D815 D3 14CE 1 0 14CE 0 0 3
7D9C 314F 7C FEAC 1 0 FFFFFEAC 0 0 3
624A A8EE 46 D803 0 0 D803 0 0 3
2BBF 9248 A1 B674 0 0 B674 0 0 3
582F EA4D 8A 4D3D 1 1 3385 0 0 37
639A 971 6B 1AC0 0 0 1AC0 0 0 3
5CE9 4AA1 68 C9F1 1 1 6E0D 0 0 37
84CE 1CA0 11 D550 0 1 DFCC2 0 0 37
8120 C7C6 4 17C6 1 0 1BDF3B2 0 0 3
FADF A6F8 30 168C 1 1 4948 0 0 37
5E16 BF13 2C 4D17 0 0 4D17 0 0 3
50D2 AECC 0 3F76 1 0 E65D62CE 0 0 3
BE58 339A C 769 0 1 443CCE 0 0 37
FB5D 6D5B 9C 79BB 0 1 19AE3 0 0 37
E98F 6220 1 9343 0 0 2CC38B33 0 0 3
AA52 37F 5 4152 0 1 1812C9 0 0 37
65A1 5B0B 0 2593 1 1 0 1 0 3
E662 77C7 60 7613 1 1 20D8 0 0 37
FB57 B7CD E4 3179 1 1 3321 0 0 37
10E0 471B 1D 7E82 1 0 7E82 0 0 3
B29E 245F 26 54C6 0 0 54C6 0 0 3
32E7 73E0 17 C5FB 0 0 C629 0 0 3
A2BF 16DC 66 6288 0 1 BE12 0 0 37
2D65 C48C D4 54F4 1 0 54F4 0 0 3
10E5 D12D 49 EBF0 1 1 FFFFC5F0 0 0 37
FC6D 53EB B DEB9 1 0 FFFFB93B 0 0 3
3168 87B2 FC 3EB2 0 1 59B8 0 0 37
151B 4EE7 17 FCA1 0 0 FCAE 0 0 3
CA98 D023 0 B8B8 0 0 A4B7EB80 0 0 3
6D36 C9C0 1C F3E 0 0 F43 0 0 3
21F9 2375 16 B123 1 0 FFFFB135 0 0 3
51DF D212 3D 6B8B 1 1 FFFF68D7 0 0 37
9C4F ECCB 17 8D51 1 1 32BF0 0 0 37
AA22 B140 E 3B70 1 0 A518 0 0 3
1A9D 4900 28 78C 1 1 13E63 0 0 37
9EC3 C7C5 B8 80D5 1 1 FFFFAA2D 0 0 37
A026 9F65 22 D102 1 0 FFFFD102 0 0 3
9EE0 19E D 6490 1 0 5FA8 0 0 3
71AF FE6B D FD12 1 1 FFFEECA3 0 0 37
D1F BAAE 1C FBB3 1 0 FFFFFBB3 0 0 3
8554 4414 2B 9298 0 0 9298 0 0 3
ECE8 457D 4 B8E8 1 1 FFACCC3D 0 0 37
3D7F F36D 7 F2F4 1 1 FFF02B0A 0 0 37
714D 9483 61 A0B0 1 1 FFFE5556 0 0 37
46B0 5422 E 4B40 1 1 1EA2F0 0 0 37
9A9 95E 1A A82C 0 1 CA70 0 0 37
4170 6782 8D 34AD 1 1 8BE4 0 0 37
86F4 A40C 96 CBF8 0 1 1C7DB 0 0 37
3CD3 339A 9 D54D 1 1 2694E7 0 0 37
96DD 9439 E CBEC 1 1 399C0F 0 0 37
F412 35AF 1 4FDA 0 0 19979901 0 0 3
1065 49FB 7 FDBB 1 1 18BE62 0 0 37
EA4E 3D8B C 1B9C 1 1 FFF6D5EF 0 0 37
6257 A2C2 1F 61E 0 1 10ADD4 0 0 37
7FE7 3F97 1F B31 1 1 881CF 0 0 37
F198 2C5B 98 93A2 0 0 93A2 0 0 3
6BD5 8996 E5 74A5 1 1 3650 0 0 37
9FFA FA52 4D AB6 1 1 2242 0 0 37
2437 7C63 A9 E621 1 0 FFFFE621 0 0 3
2267 460C E9 4E26 0 0 4E26 0 0 3
ACD3 BF04 C D38B 1 1 255CA7 0 0 37
FACD EC84 25 3A42 1 0 3A42 0 0 3
7FA3 5FB9 9A ECA2 1 0 FFFFECA2 0 0 3
3E51 8FFE 80 FFA1 1 1 FFFF9292 0 0 37
9D94 5FCE 5 BEA 0 0 1D7D1B2 0 0 3
31DC 28AD DA 337 0 0 337 0 0 3
528B 4316 1D DE87 0 0 DE87 0 0 3
C05A 3414 54 3964 0 1 1A4D4 0 0 37
9146 D118 9 E853 1 0 A0D35 0 0 3
EC6 44C1 F 8747 0 0 8F36 0 0 3
9324 5186 5C E6E5 1 1 FFFEDA7A 0 0 37
8D1B 6CF3 1D 2893 0 0 2894 0 0 3
7F7E 3B1C 93 3AAD 0 0 3AAD 0 0 3
841E 6416 F0 7AB0 1 0 7AB0 0 0 3
20E5 6868 3C C950 0 0 C950 0 0 3
6743 5EAD 7A 8B31 0 1 13357 0 0 37
C794 4A79 F5 3926 1 1 273B 0 0 37
8F10 2BB 14 4619 1 1 FFFF80BE 0 0 37
6BA5 279F 45 128A 1 0 128A 0 0 3
3924 46EA C2 D080 1 1 FFFFEC0F 0 0 37
D6B1 3786 41 B22C 0 1 38473 0 0 37
D3D0 79EB 63 1EC6 1 0 1EC6 0 0 3
8667 E495 13 25DE 0 0 34DE 0 0 3
675 629 F6 D1C9 0 1 D1F4 0 0 37
2DD3 BB19 18 87B1 0 1 F6A2E 0 0 37
F94B A6FB AA E00 0 1 17EBC 0 0 37
BB9 9A4C 64 A6A7 0 1 D4F4 0 0 37
41D8 3899 98 994E 1 1 FFFFC298 0 0 37
D160 24D6 63 4EFC 0 1 1186F 0 0 37
EBAE 423D 2 8F74 1 0 FEAF1092 0 0 3
D3D5 FC8D BB BB3 0 0 BB3 0 0 3
CB1 7A22 1D 6618 1 0 6618 0 0 3
40E B263 19 61F 1 1 FFFF8539 0 0 37
1DFB 68A0 E AE4E 1 0 FFFFDF50 0 0 3
451B 7890 F5 14EC 1 1 3874 0 0 37
EBC7 86DD 1D EBF0 0 1 26BB24 0 0 37
5303 9956 DB DF14 0 1 12305 0 0 37
29FA 3D5C 15 4E96 1 0 4EE6 0 0 3
7E46 6BDA 86 AE6 1 1 CD0F 0 0 37
D2C7 ACE1 DC 709A 0 1 13156 0 0 37
993E 9C15 1E D7E8 0 0 D7E9 0 0 3
A0A6 7612 F5 698D 1 0 698D 0 0 3
D05C AC11 F 9436 1 1 1159C8 0 0 37
FE9C 3C2D C6 E752 1 1 FFFFE6C7 0 0 37
CDC8 5B38 31 C7FE 0 1 89968 0 0 37
D3C3 6B77 16 DF1 0 1 2F12AB 0 0 37
4178 9780 21 FE99 0 0 FE99 0 0 3
18C7 C43 13 F7C4 1 1 CF36 0 0 37
5C7B B361 B E625 0 1 89FFA0 0 0 37
E303 E826 17 26B8 0 0 2853 0 0 3
CE4B 99BD 67 AD9F 1 0 FFFFAD9F 0 0 3
A635 F371 14 746B 0 1 659BE3 0 0 37
8218 C451 C9 F4AC 1 1 2449 0 0 37
60A8 5EF8 7F D739 0 1 168EA 0 0 37
E2C9 19E5 66 7AA9 1 0 7AA9 0 0 3
4C92 A450 F6 E78 0 1 43B1 0 0 37
5D1D E3B6 96 F97D 1 0 FFFFF97D 0 0 3
B54 DF89 16 3BDF 0 1 5773C 0 0 37
BFDE 716C 15 86AE 1 0 FFFF85CB 0 0 3
26C7 EF38 21 C861 0 0 C861 0 0 3
366F 6914 14 EA7C 0 0 EBE1 0 0 3
EF99 2BAE 84 CE14 0 1 167D7 0 0 37
5B54 DADD 2 5399 1 1 FCB06B7A 0 0 37
F307 D359 6 ED90 0 1 593AF68 0 0 37
7096 AE94 EC FD50 0 1 157A7 0 0 37
5F3 F692 68 7E1C 1 1 7CC9 0 0 37
E96B 3DDF 1B 4711 1 0 4711 0 0 3
DA78 635C C D881 1 0 FFFEEF70 0 0 3
26AA CA4B 10 F8C7 0 0 11754 0 0 3
D623 CDA8 13 C03A 1 1 596C7 0 0 37
11F3 350D A6 B 1 0 B 0 0 3
27FC F12E B2 33AD 0 0 33AD 0 0 3
B4F5 FACA F8 8CF0 0 1 149D5 0 0 37
1950 2EEE 5 1F6A 1 1 2FA396 0 0 37
A35D 3E63 36 9C06 0 0 9C06 0 0 3
E125 E89D E8 90DA 0 0 90DA 0 0 3
5502 AD32 67 BF61 1 0 FFFFBF61 0 0 3
94DD F0CF 19 BF5 1 1 2A69A 0 0 37
BF5B F63E FC 87D8 1 1 FFFF8A62 0 0 37
2401 853F FE B2A0 1 0 FFFFB2A0 0 0 3
CBDD 477E C7 F171 0 1 14FA8 0 0 37
EAE9 D4F7 CC 2E5E 1 1 33F3 0 0 37
D686 2E43 C 4CF7 0 1 453807 0 0 37
93FC 321B E 128A 1 1 FFE47594 0 0 37
E631 E724 6B 23B7 1 0 23B7 0 0 3
DF6B C5B2 17 3644 1 1 3CD95 0 0 37
7E78 773D 8 7A81 0 0 3B626B 0 0 3
B8EA ECA4 47 71E5 0 1 92017 0 0 37
96E7 A750 A A36C 1 1 5CD8CB 0 0 37
E748 89E2 F1 CD1B 0 0 CD1B 0 0 3
6CDE 11E0 21 345E 0 1 1FDD4 0 0 37
4D41 AFD4 CB 305E 1 0 305E 0 0 3
816D 8818 13 B80E 0 1 3182E5 0 0 37
BAF4 8168 18 9255 1 0 FFFF9277 0 0 3
913B FCBC 52 4371 0 0 4371 0 0 3
CCFD 5F79 96 5C89 0 0 5C89 0 0 3
D43F 69F2 CC 1F04 1 1 281 0 0 37
E7D7 6F9E 1 EBC2 0 0 328B939B 0 0 3
6B8B 6A59 ED E8F8 0 0 E8F8 0 0 3
42D2 7C30 E7 CB95 1 1 FFFFF364 0 0 37
6B25 FB0C A E574 1 0 FFFF60C8 0 0 3
C99B 2F27 15 DE84 0 0 DFAD 0 0 3
9414 1EA5 17 D87D 0 1 96C77 0 0 37
F26C E84E 59 317F 0 0 317F 0 0 3
886C 4BB6 4A DFF9 1 1 FFFE38BC 0 0 37
CC6A FB45 D4 11FB 1 1 135E 0 0 37
BD72 CE82 11 300F 0 1 878EC8 0 0 37
C552 67B3 31 42AB 1 0 42AB 0 0 3
F324 8AA 2D BF91 0 1 1C9E1 0 0 37
9DDE BE33 38 5921 1 1 2683F 0 0 37
AB46 2A97 DF 1DA1 0 1 432E 0 0 37
44A6 83DE C9 BB17 1 1 FFFF8518 0 0 37
BDAF 325B 1E 4505 1 0 4505 0 0 3
713 E8B7 19 BB9D 0 1 35DED 0 0 37
346D B4 92 5737 0 0 5737 0 0 3
9141 BD43 F7 CADF 0 0 CADF 0 0 3
11E0 1DB E7 C065 1 1 FFFFC08D 0 0 37
84E5 9014 1D 45C 1 0 45D 0 0 3
65F3 2198 2A AF7B 1 1 1A083 0 0 37
6E12 1E1F 9C 1C75 0 0 1C75 0 0 3
2DCB 15EE B7 9D97 0 1 A544 0 0 37
97C3 700B 82 3200 0 0 3200 0 0 3
82C9 646A 15 2ADB 1 0 2953 0 0 3
46B6 3393 66 52D6 1 1 AC92 0 0 37
A5CE A050 1A A026 0 1 27F229 0 0 37
B4E4 DD88 7 5FD5 1 0 1499AF 0 0 3
8DB4 C4C2 14 6489 1 1 115219 0 0 37
9CCD 29D9 95 5292 1 0 5292 0 0 3
E6E2 543A 12 860A 0 1 3C8B25 0 0 37
C907 BE6D BD DF8C 1 1 FFFFF961 0 0 37
304B 36DE 18 5A8F 1 0 5A99 0 0 3
9989 1AFE AE 4D0A 0 1 7014 0 0 37
DE6A 9FF5 B0 D59C 0 1 1FBA1 0 0 37
EBA B0A7 AF D74B 1 0 FFFFD74B 0 0 3
128E 5757 D8 70E8 0 1 79CC 0 0 37
6FAC 972F 2A 56B9 1 0 56B9 0 0 3
B403 FD51 B3 3CE4 0 1 1A939 0 0 37
8629 65DA 1C FC8 0 0 FCB 0 0 3
4F8F B944 1B CDF5 1 1 FFF815C3 0 0 37
EA93 4F89 7A A1EA 1 1 FFFF849B 0 0 37
336B 5C10 15 DAE9 1 1 A96CC 0 0 37
ADA2 1C8F 40 ACB4 0 1 1E29F 0 0 37
D194 3329 A0 BAE9 0 1 12621 0 0 37
2AF5 CDF9 67 4480 0 1 11A01 0 0 37
9123 95C 62 A866 1 1 FFFF8CBE 0 0 37
A2CA CBE4 A 5475 1 1 30E6CB 0 0 37
36FD 827B 8 C6D0 0 1 70E266 0 0 37
4D4A 9545 C6 D6A5 1 0 FFFFD6A5 0 0 3
CC32 C561 C BC59 0 0 A9356 0 0 3
9DF5 E972 85 9201 1 1 FFFFB201 0 0 37
356E 3F3F 19 D88B 0 0 D891 0 0 3
B70F F8C 1B B4B3 1 0 FFFFB4B3 0 0 3
E330 9D4A 54 197F 0 1 529F8 0 0 37
448C A981 F2 6551 0 0 6551 0 0 3
5116 59BE 38 2C73 0 0 2C73 0 0 3
7226 D611 56 3FC6 1 1 FFFF9A18 0 0 37
9E06 4B81 B 22BD 1 1 FFC2FF97 0 0 37
8F23 1247 A9 4C67 1 0 4C67 0 0 3
C9FD D682 BE C579 0 1 1F8BA 0 0 37
A0F2 5EDC 19 EFFB 1 0 FFFFEFEA 0 0 3
E1A1 BA43 B9 42E2 1 1 52B9 0 0 37
C54B 1225 5 9180 0 0 706FCE 0 0 3
87D3 CE30 3F 93C 1 1 18B58 0 0 37
292E B355 9F 7BFA 0 0 7BFA 0 0 3
B 27A4 5F 57E5 0 1 57F1 0 0 37
C076 6782 BC E418 0 0 E418 0 0 3
E8D E933 77 430D 0 0 430D 0 0 3
7960 B10 E8 3368 0 1 39CA 0 0 37
5577 44C2 28 1DD2 0 0 1DD2 0 0 3
BDBC CD71 E 5985 0 0 2BA92 0 0 3
CF38 D08C 61 F818 0 0 F818 0 0 3
8B72 44E1 1B C5A1 1 0 FFFFC59E 0 0 3
222B 29B7 16 951E 1 0 FFFF9534 0 0 3
5AB0 6836 65 BB32 1 0 FFFFBB32 0 0 3
3A27 FF7D BA 1FA9 0 1 8D99 0 0 37
D5D8 BDE6 2 347D 1 1 2B8DA81 0 0 37
E92C 2597 1B 4418 1 0 4418 0 0 3
F886 21D0 7A 2C47 1 0 2C47 0 0 3
EDE7 3634 5C 3D4D 1 1 1FA2 0 0 37
9F4B B1F9 D7 D6F7 0 0 D6F7 0 0 3
3AF2 1FBF FB FB89 1 1 323 0 0 37
59CB 879 2 D80A 0 1 BF0A46 0 0 37
7014 7E8D F 2E0B 0 1 3F37CC 0 0 37
5EFC 2136 BC 2631 1 0 2631 0 0 3
2559 1DA8 1C DBCE 1 1 14577 0 0 37
3C46 E01D D8 B170 1 1 FFFFA6E5 0 0 37
2691 CD22 10 453A 0 0 6421 0 0 3
FA50 5AEA 1B B771 0 1 1FEEE6 0 0 37
3BCF 8385 10 2CDF 0 0 4B98 0 0 3
9F25 215C 12 D603 0 1 1138BF 0 0 37
B2DB 6E0 E9 64B9 0 1 6A85 0 0 37
BDB3 D615 B4 D0FA 1 1 FFFFE6EF 0 0 37
5074 6FC8 14 9E10 0 0 A042 0 0 3
EB5C 378 16 79F0 0 1 229C0 0 0 37
4971 B0B2 5 173A 0 1 207292B 0 0 37
EAA1 D0AC 1 97D8 0 1 BF410C04 0 0 37
2AD0 79A8 1 8C8D 0 1 1458F50D 0 0 37
C838 9503 ED EF9C 1 0 FFFFEF9C 0 0 3
A433 F2D2 19 E3EB 0 0 E438 0 0 3
BDDC D291 0 A728 1 0 BBCA8C4 0 0 3
F637 5926 14 9F59 1 1 FFFD710F 0 0 37
523F 6BCB C 575B 0 1 3DE855 0 0 37
4F7A CE13 1C C7A5 0 1 15AB95 0 0 37
6201 69FC 46 EE29 1 0 FFFFEE29 0 0 3
C15F 1411 30 9E90 0 0 9E90 0 0 3
1388 6393 3 7D9B 1 0 F3977E 0 0 3
E09C C0C 5A EAED 1 0 FFFFEAED 0 0 3
CC31 5B69 9D F36F 1 0 FFFFF36F 0 0 3
A743 A20A 1A D03D 0 1 28E812 0 0 37
D383 8CD0 E FE 0 1 97F5E1 0 0 37
75C1 6B2D 18 E399 1 1 15CCA6 0 0 37
3557 4EF1 B 7B9D 0 0 289F4 0 0 3
4C4 EEE0 12 E9D3 0 1 46D4A 0 0 37
D89F A095 A 24F1 1 1 25B806 0 0 37
3A53 C246 6F 98C2 0 0 98C2 0 0 3
D22 371 48 FEEE 1 1 129 0 0 37
783D A842 4A 61A9 0 0 61A9 0 0 3
B575 F0AF 2 2E3E 1 0 11D9CFC 0 0 3
9AA3 9492 19 A949 1 0 FFFFA95E 0 0 3
A8FE B2FC A7 84BA 0 1 19A5E 0 0 37
A4AD FEC4 6 324F 0 0 28FB938 0 0 3
29F6 63AF 1C D720 1 1 52CF1 0 0 37
81EE 4324 18 C7A2 1 1 FFF115A9 0 0 37
32AE 7B6B 6E 6310 0 1 E765 0 0 37
E1B2 AAC3 20 27A5 0 1 25CAAC 0 0 37
7072 3512 A0 187D 0 0 187D 0 0 3
BFB5 3900 1 EE95 0 0 15589515 0 0 3
6CDF 97B5 4 1792 0 1 4085FBC 0 0 37
A882 AE24 57 D265 1 0 FFFFD265 0 0 3
5677 6A1B F4 ED8D 1 1 14FF 0 0 37
A061 D9BD 74 E224 0 0 E224 0 0 3
4073 65E0 BB 5AA3 0 0 5AA3 0 0 3
13CC 377A 12 5AD0 1 1 3BE93 0 0 37
6B52 BD44 16 FC34 1 0 FFFFFBC5 0 0 3
22B3 F168 15 7BA8 1 0 7B99 0 0 3
9746 8EE A3 A92F 1 1 FFFFA02D 0 0 37
FEFD 56DB 6E 2D7C 0 1 2020D 0 0 37
ACA1 4181 F FC11 0 0 15468 0 0 3
B2EA 9AC6 7 9808 1 0 3C8E51 0 0 3
1EDD F8C9 2E C63E 1 1 FFFFAB4E 0 0 37
C57D D914 21 798 1 1 21EF5 0 0 37
3C23 C273 1E 5179 0 0 5179 0 0 3
4503 5ABF D 4352 1 1 2551C7 0 0 37
3E58 6A56 83 2D7B 0 0 2D7B 0 0 3
7761 66C8 7 4156 1 1 FAA95F 0 0 37
A47 5A31 18 E79A 0 1 28391 0 0 37
31DA F6CF 1A D2A7 1 0 FFFFD2A7 0 0 3
23DD 1A2C 32 A435 0 0 A435 0 0 3
39FF E90 68 2302 0 1 36FF 0 0 37
F4C1 C651 1E 7A37 1 1 132BC 0 0 37
F7D5 B43B D4 6273 1 1 65F9 0 0 37
A066 91D0 C9 AD0D 1 0 FFFFAD0D 0 0 3
477 88D 15 D8AF 0 0 D8B0 0 0 3
5844 99BE B5 CA47 0 0 CA47 0 0 3
897A FBC6 C0 CDCF 1 0 FFFFCDCF 0 0 3
89A7 E934 DD 436B 0 1 EBAC 0 0 37
783B 1A 2D 8B37 1 0 FFFF8B37 0 0 3
CCF4 D579 48 DC91 1 0 FFFFDC91 0 0 3
2F95 CFA6 1C 2155 1 1 FFFD3219 0 0 37
589 95C0 E9 A28B 0 1 A673 0 0 37
CC22 CD12 7A EF31 0 0 EF31 0 0 3
2477 332A AD D4C1 0 0 D4C1 0 0 3
3823 91F7 21 74E4 0 1 7FB1E 0 0 37
7DD8 FFA5 40 4BEC 1 1 4921 0 0 37
D4DE 4F87 D 4DE4 1 0 FFFFE2B3 0 0 3
4A76 3B9 16 8317 0 1 115B4 0 0 37
4BBF E878 F 9C30 0 0 125C1 0 0 3
B2B BA48 15 F027 0 1 5A7CF 0 0 37
F870 975C 68 F9B 0 1 389A0 0 0 37
3B6C 3F20 1E 64BD 0 1 48FB0 0 0 37
A648 E521 82 7A82 1 0 7A82 0 0 3
E231 3BC5 1F 22CA 1 0 22CA 0 0 3
C8A0 F341 6E 9069 0 1 498EE 0 0 37
4E3F 9D7 1F B1EF 1 0 FFFFB1EF 0 0 3
2D7F 363A 4D 167E 0 1 8103 0 0 37
E4A2 4B82 3 8015 1 1 FF19E572 0 0 37
49CA 4E3B DE 89B5 0 1 A7B1 0 0 37
EB0D 2508 19 9A4C 0 1 E878C 0 0 37
BC05 FF9 20 7510 0 1 363DA 0 0 37
707C 9786 14 E77D 1 0 FFFFE49F 0 0 3
A017 9A21 2 C61B 0 1 18196458 0 0 37
5536 D937 8 6088 1 0 FFF3779D 0 0 3
5413 1273 7B 4378 0 0 4378 0 0 3
E59D F9CC 21 E9B0 0 1 3594FB 0 0 37
32FC E00D 5F 4F4F 1 1 211B 0 0 37
A4AB B411 D E316 0 1 B05677 0 0 37
A624 A4C5 F C87D 0 0 19E5A 0 0 3
2D48 515A 1F 2C7F 1 0 2C7F 0 0 3
2431 AA21 F 93F5 0 1 1BF17C 0 0 37
55BE 9387 73 E054 0 0 E054 0 0 3
438A E24F 4 F3EC 1 1 FF829EA6 0 0 37
C931 2B10 12 EC8F 1 1 FFF8A3B7 0 0 37
68C8 5AF6 60 E028 1 0 FFFFE028 0 0 3
2CFE 183F C 1630 0 1 7A989 0 0 37
27DE E7E 32 D449 1 0 FFFFD449 0 0 3
5BE9 A07F 1B 5624 0 0 562B 0 0 3
5FD7 3129 20 387A 1 1 4D25A 0 0 37
7DA5 7D4A 9F 1908 1 0 1908 0 0 3
4FA9 F0ED 16 514D 0 0 5278 0 0 3
ABEE 6B41 35 E7D6 0 0 E7D6 0 0 3
8556 AC21 7 1AFA 1 0 507AEA 0 0 3
B6CE CE97 1A 2D5B 0 1 380B1E 0 0 37
B0E7 9E0D 67 6F1C 1 1 12A0F 0 0 37
9E0B 2565 A6 EDBA 0 1 124A1 0 0 37
2F2D CE99 F 60E0 1 0 4EAB 0 0 3
369 8C6B 19 CE8 0 1 D10A 0 0 37
2C86 ABCD 9B 437A 1 0 437A 0 0 3
86C7 334A B8 D43B 1 0 FFFFD43B 0 0 3
6409 43A1 2 8812 0 1 69BD93C 0 0 37
424C 5CD 50 F9B4 0 0 F9B4 0 0 3
FCDC AF0A E BF8E 0 0 3731F 0 0 3
4BE7 2D76 3 1572 1 1 17F7B9C 0 0 37
9BA1 FE27 C5 9A2B 0 1 19F14 0 0 37
62B1 FBF5 1A A80E 1 1 FFFF10F4 0 0 37
B15C 84B2 87 C54C 0 0 C54C 0 0 3
FCF9 FD88 C 6547 1 0 65BE 0 0 3
A05B E8DD 9 CFB 1 1 1B5ED6 0 0 37
7A61 6494 12 AAE1 1 0 FFFFB6E6 0 0 3
E38A 6B14 4 E19A 0 0 5F3A8E6 0 0 3
8D4C EC30 FD EB7F 0 1 170F7 0 0 37
C6B3 DF6C CB A6 1 1 C3E 0 0 37
2C44 E86B D 5F13 1 1 FFFA31D3 0 0 37
1E32 1AA3 69 1CE0 1 0 1CE0 0 0 3
B827 AF58 DE 2C8A 0 1 D443 0 0 37
1A03 4360 17 322B 1 0 3238 0 0 3
EF73 519A F E80C 0 0 180B2 0 0 3
64D7 6758 8A 4CE8 0 0 4CE8 0 0 3
A614 97EB 1B E9CC 0 0 E9D8 0 0 3
D45A BEE1 16 B2E5 0 1 547210 0 0 37
6F98 B868 20 D8EC 1 0 FFFFD8EC 0 0 3
8E66 5BFC 91 9C2E 0 1 13BAA 0 0 37
911F FE6F 7 ACA5 0 1 2F2380A 0 0 37
5885 F972 1 C6D2 1 1 FDBB8F0C 0 0 37
D401 68FD 3 40A0 0 1 9A95AF5 0 0 37
7FF9 7151 4A 2E68 0 0 2E68 0 0 3
226 E4FC 79 F24E 0 0 F24E 0 0 3
9BCD 2A2 D3 E520 1 0 FFFFE520 0 0 3
3BD7 ACD1 9 90A0 0 0 14C347 0 0 3
2C2A F671 13 C666 0 1 1EEC96 0 0 37
E29F EE2 12 9119 0 1 AF9FE 0 0 37
4579 536B F 8D5C 0 1 1A4F16 0 0 37
D465 9ED2 FC 1B4B 0 1 A346 0 0 37
C8A1 F85 7 46D0 1 0 FFF99026 0 0 3
6022 36F1 49 7E7E 0 0 7E7E 0 0 3
B0F5 8EDC 45 E9D6 1 0 FFFFE9D6 0 0 3
1A6E 89EF C 7A7B 1 1 FFEACF00 0 0 37
9870 160E B 49FE 0 0 1EE3C 0 0 3
7895 A040 A E647 0 0 13C518 0 0 3
E3FA 6FC2 2D 6EE1 1 0 6EE1 0 0 3
226D 9F91 D3 D119 1 1 FFFFBE03 0 0 37
6ED2 2FD1 3B 4D90 1 1 1D343 0 0 37
76F6 3143 68 AA95 1 1 3549 0 0 37
11E1 48DC EB EFBE 1 1 FFFFF5C7 0 0 37
788B 82B7 1A 95BB 0 0 95CA 0 0 3
261 677C 4E 1B9B 0 1 25F6 0 0 37
942F 53E3 16 D93A 0 0 D9FC 0 0 3
BF61 E4A1 91 4962 0 1 25E23 0 0 37
DDE CF28 D1 E6CE 1 1 FFFFE2D6 0 0 37
9D48 BFC3 1 F341 1 1 18C57919 0 0 37
B6B8 A487 CE 89E4 1 0 FFFF89E4 0 0 3
D1EB C59A B1 A00A 0 0 A00A 0 0 3
FC4C E8E 77 A7AD 0 0 A7AD 0 0 3
F3CD 75D7 14 5C27 0 1 482EFF 0 0 37
C520 9A70 1 83B8 1 1 175B01B8 0 0 37
95A3 4E4D DD 897E 0 0 897E 0 0 3
BCA7 2148 67 9170 0 1 128F1 0 0 37
A23E FDC4 D5 8B5B 0 0 8B5B 0 0 3
EB8 A1F9 74 47C2 0 1 751D 0 0 37
FB10 4BEE 37 9FBF 1 0 FFFF9FBF 0 0 3
C992 B525 21 F1C 0 1 219699 0 0 37
879E 4796 12 27C1 1 1 FFE58EB2 0 0 37
3F73 5898 6F C284 0 1 1374F 0 0 37
5E7E BCEF 6E C2DD 1 1 FFFF3CCA 0 0 37
3B90 F4C7 45 FE58 1 1 FFFFDA67 0 0 37
599E BAD0 1C EECC 1 0 FFFFEECB 0 0 3
9DDD F8E E7 D27D 0 1 DE44 0 0 37
C756 2EE9 1A E1C6 1 0 FFFFE1C4 0 0 3
5514 1F8D 1C 7FEC 1 0 7FEC 0 0 3
8A80 F2B7 7D 8368 1 0 FFFF8368 0 0 3
3EA4 4651 10 CB62 0 0 DC96 0 0 3
A299 E025 11 C540 0 1 7EE10A 0 0 37
996C 9D5F 9 92E 0 1 12A1CAC 0 0 37
754 1DB2 57 9C4E 1 1 FFFFA3AA 0 0 37
167E 3E18 1E ECF6 1 1 17A39 0 0 37
5DA8 BD7E 12 7D57 0 0 8EAB 0 0 3
225B F87B 99 4F65 1 1 4C92 0 0 37
2773 C0B1 AC 8310 1 1 FFFF6D74 0 0 37
235F 9762 17 962B 0 1 AB56B 0 0 37
A846 3C55 AB FAED 1 1 FFFFCC97 0 0 37
F008 C408 BD 9FB8 1 1 FFFFA694 0 0 37
2DFC D737 58 560B 1 0 560B 0 0 3
2DB9 7869 2A 9CB6 0 1 3BBB0 0 0 37
EE4F 879C 3 759E 1 0 10AB1C2 0 0 3
13D7 278C FC 5160 0 1 5489 0 0 37
9AE9 E081 10 E036 0 1 88BA25 0 0 37
E0FC FF2A A8 E24B 1 0 FFFFE24B 0 0 3
280E 80B7 7 7A1 0 0 284EE5 0 0 3
8448 6D89 1D BD6C 0 1 11F800 0 0 37
63E0 1B2C F2 753B 0 1 8117 0 0 37
F9E3 4DF1 5 A99E 1 0 FFF0C5CC 0 0 3
E457 36E5 B7 7E3A 0 0 7E3A 0 0 3
A3EC A7A7 39 CDA6 0 1 9430A 0 0 37
633D A84F 7 2D6 0 1 154E1B0 0 0 37
31C3 A592 3 F5ED 1 1 FE0BF7BB 0 0 37
E368 5657 D 551E 0 1 7482E4 0 0 37
BB3 76B6 61 245F 0 1 4A28 0 0 37
F325 1597 2C 849D 0 1 33AC1 0 0 37
EDBC AA3E 0 8310 1 0 61DEE98 0 0 3
4EAF 62C E 3F2C 0 1 2B975 0 0 37
DDF2 2B0B 6A 791C 1 1 57B7 0 0 37
15D2 72CB 17 2DAF 0 0 2DC2 0 0 3
EDBD 40A3 E4 C514 0 0 C514 0 0 3
8C15 AD78 21 C777 1 0 FFFFC777 0 0 3
B995 469D D9 8DFA 0 1 D538 0 0 37
B2F3 68DC 67 E2AE 0 1 2A779 0 0 37
1325 5654 1D 1B71 0 0 1B71 0 0 3
C67B 4399 86 5B41 0 1 11A89 0 0 37
2AA0 549D 5 F7B 1 1 90537C 0 0 37
959 93A7 6 65A 1 1 FFE3E43E 0 0 37
DDE4 B346 15 CD65 0 1 5B011D 0 0 37
A339 2083 50 67BD 1 0 67BD 0 0 3
28CF D5D4 87 8CB 1 0 8CB 0 0 3
4EBD C93E 2 3430 1 0 FBCA51E2 0 0 3
F9E7 DC9 1E CD1B 0 1 4A100 0 0 37
733B 6169 2 CE17 0 1 AF6F5A3 0 0 37
DB81 15B9 12 8D71 1 0 FFFF8CAB 0 0 3
CEBC FD0F F6 EA06 1 0 FFFFEA06 0 0 3
2D36 8CFF 97 8EAB 1 0 FFFF8EAB 0 0 3
AECA CD3A 7F 155D 0 1 24EB6 0 0 37
7669 745A F 96D3 0 0 10275 0 0 3
1693 B93A 92 2A0E 1 1 16DF 0 0 37
24 1A61 14 92DC 0 0 92DC 0 0 3
E14B 8586 1E 251C 0 0 251D 0 0 3
347C 4F4B 20 DEB9 1 0 FFFFDEB9 0 0 3
4DD8 710F FB B45A 1 0 FFFFB45A 0 0 3
CDA5 19EF 9C F3A8 1 0 FFFFF3A8 0 0 3
C402 2A94 C8 C8 0 0 C8 0 0 3
E6B7 AAB2 D0 84DD 1 0 FFFF84DD 0 0 3
3185 421D 2 6A3A 0 1 332E3BE 0 0 37
2666 45F2 F 95EE 0 1 C85C3 0 0 37
EC66 ED25 1C 3992 1 0 3992 0 0 3
465D 8CDE 15 E04F 1 1 FFED819E 0 0 37
77A1 364D 16 AD2 0 1 D76B0 0 0 37
E8C3 31DC C3 7BCC 0 0 7BCC 0 0 3
DB20 8A69 DE 9A26 0 1 137B0 0 0 37
C2FD 8067 25 2B7 0 0 2B7 0 0 3
23EF 765F 13 9A69 0 0 9C7C 0 0 3
B87 2444 4A 3EEA 1 0 3EEA 0 0 3
2713 8EAF 6 4269 0 1 9B20A1 0 0 37
3987 5668 F5 826A 1 0 FFFF826A 0 0 3
780A 27C9 1D 4B88 0 0 4B88 0 0 3
8EA2 3AC0 1D 3384 1 1 FFF8481E 0 0 37
9D9E 73F0 D0 E310 0 1 14F30 0 0 37
3740 E04D 68 EFD1 1 0 FFFFEFD1 0 0 3
D09C C6E4 1D CB83 1 1 3035A 0 0 37
6647 DF29 99 9C91 0 0 9C91 0 0 3
7A14 526E 48 58C 1 0 58C 0 0 3
4784 8B70 BC E902 1 0 FFFFE902 0 0 3
57A0 6620 B C8BD 0 0 52753 0 0 3
C8B6 FC10 20 7048 1 0 7048 0 0 3
7778 E773 C4 AF48 0 0 AF48 0 0 3
2496 B6A8 55 778D 0 1 16455 0 0 37
42B4 5516 8 30B4 1 1 58DEB1 0 0 37
852D ED30 8 E10 0 0 7B71B1 0 0 3
B0A9 6B78 6 17D3 1 1 FF133E8E 0 0 37
F445 5E82 B E697 0 1 BFB062 0 0 37
1544 1206 36 3A89 0 1 5C2F 0 0 37
F5BD 952C 14 B965 0 0 C258 0 0 3
C4BB F6FF 9B F361 1 1 FFFFF910 0 0 37
6608 7068 91 7757 1 1 102FC 0 0 37
96E4 DE75 4 2F66 1 0 DC8A49 0 0 3
F446 FADF 34 6BB9 0 0 6BB9 0 0 3
92FE 6F63 51 E71 0 1 28D4A 0 0 37
ABE4 E5A9 0 5277 0 0 9A34BFFB 0 0 3
2039 C0AC 11 29B4 0 0 35D4 0 0 3
6D8E 3997 5C D8A8 1 1 977B 0 0 37
B6A C02E D0 6CD8 1 0 6CD8 0 0 3
842D 331 21 E8C9 1 1 FFFF8BE4 0 0 37
3101 A7BA AE 9F0E 0 0 9F0E 0 0 3
A827 F4C6 FF 5AFF 0 0 5AFF 0 0 3
3F2F B098 78 B8B2 0 0 B8B2 0 0 3
7251 49E9 9A DFFA 1 0 FFFFDFFA 0 0 3
77A2 9DBB 21 E3B 0 0 E3B 0 0 3
137C 2E32 B4 B5EB 0 1 BD07 0 0 37
61E9 9ADA 3 B8C7 0 0 767EA14 0 0 3
DF51 9288 0 9E 1 1 0 1 0 3
E43A B6EC CE 4C3B 1 1 5879 0 0 37
835A 46BC B6 E23 0 1 55F1 0 0 37
D34A AAA5 F7 21BD 1 0 21BD 0 0 3
A3 A3FC 15 AF9D 1 0 FFFFAF9C 0 0 3
1C76 9CC6 8 D249 0 1 4689F6 0 0 37
2F33 C9F0 5F ED79 1 0 FFFFED79 0 0 3
D6BE 7D17 6 FDB1 0 1 2EB28D5 0 0 37
D14D F53A 3A 1961 1 1 3FAA 0 0 37
415D 7543 FD E984 1 1 82B 0 0 37
937F EC8E 13 74CC 1 1 64D02 0 0 37
9B85 141B 15 2274 0 1 7398D 0 0 37
25AF 90AB 34 727 1 0 727 0 0 3
A259 E4D0 A3 ADAB 1 1 FFFFC633 0 0 37
E1C9 7E40 D3 634A 0 0 634A 0 0 3
2B13 73E6 77 6427 0 1 BE66 0 0 37
A3D7 C550 D7 6D5A 0 0 6D5A 0 0 3
BDB7 B81E D 71EA 0 0 4B578 0 0 3
65C E824 E 2D67 0 0 4478 0 0 3
F407 D8ED DC D074 1 1 FFFFD2ED 0 0 37
2E3A AE31 D7 A2D1 0 1 CF69 0 0 37
1A46 3D8B 8 7E97 0 1 19C25F 0 0 37
4397 DE93 16 D773 1 0 FFFFD750 0 0 3
9213 6E79 CD F03E 0 0 F03E 0 0 3
782C 15B6 5 9382 0 1 68F01E 0 0 37
929E 37AA 74 2447 1 1 FFFFB071 0 0 37
C37F 7517 23 1A78 0 1 12CA23 0 0 37
668C 631 39 90C0 1 0 FFFF90C0 0 0 3
C9C 5C66 0 3F35 0 0 48D555D 0 0 3
7852 D572 13 3087 0 1 47548E 0 0 37
26CF 1D76 18 E85 0 0 E89 0 0 3
EA03 34FE 57 C35 1 0 C35 0 0 3
E9A3 C49A 1C 3B30 0 0 3B3B 0 0 3
3147 F8DA 1F A3ED 1 1 FFFF4617 0 0 37
AFA8 F3CB 62 2483 1 1 3EA7 0 0 37
8DDB E92D 1C 8455 0 0 845D 0 0 3
5D90 16A4 E C20D 1 1 A90D3 0 0 37
569 91B0 AB 3DFF 1 0 3DFF 0 0 3
1267 E534 1C 1C42 1 1 FFFF7B3D 0 0 37
80F6 BED2 65 B69C 1 1 8668 0 0 37
CF65 8C82 11 B698 0 0 EF82 0 0 3
3174 39B0 17 C6C9 1 0 FFFFC6DF 0 0 3
92C7 CE4C 16 3489 0 1 3EC43F 0 0 37
DC78 9D66 15 5F71 0 0 63AD 0 0 3
45F0 97FF 2 3B63 1 0 F8E5C9E7 0 0 3
2986 800E A6 5787 1 0 5787 0 0 3
4509 58A 8 9D7C 1 1 5970B 0 0 37
4829 E479 15 12A7 1 1 FFFB9190 0 0 37
A64F 6FB4 C 5BA2 0 1 815DBF 0 0 37
287F 3375 1A B61 1 0 B63 0 0 3
1B6A 158F 48 A8F6 0 1 C625 0 0 37
19D5 16D8 17 602 0 1 12393 0 0 37
AAA9 1B09 17 B10D 0 0 B131 0 0 3
8F CC2E 8 6F32 0 1 23768 0 0 37
59AA FE99 1B F419 0 1 20449B 0 0 37
77EE D580 39 F0E4 0 0 F0E4 0 0 3
D86F 1154 12 2788 1 1 FFFE09D1 0 0 37
524B 29B0 BF C047 0 1 D859 0 0 37
F02F 3CFD C D65A 0 1 668FEC 0 0 37
A66A BE4E 5 61BB 0 0 3DE0CBD 0 0 3
AE27 D8CE A0 892C 0 0 892C 0 0 3
F3DD 563C 11 6055 1 0 5E4A 0 0 3
33C6 58D9 C5 69DF 1 1 8836 0 0 37
B3E7 D198 A8 10E7 1 1 30EE 0 0 37
AD3C AF37 14 6A02 1 1 112132 0 0 37
C29A C08 20 7976 0 0 7976 0 0 3
829C D5DF C 8FBF 1 0 D9E8 0 0 3
58AD 716E 24 BB96 0 1 87E71 0 0 37
FBDD 9D22 1F 4A2B 1 0 4A2B 0 0 3
C8EE 4C9A C5 A67C 1 1 FFFF8AA9 0 0 37
7A1 2092 2A E17F 1 1 58E 0 0 37
170 F1E1 F A791 0 0 AA48 0 0 3
584C 81F1 24 DC07 1 0 FFFFDC07 0 0 3
8419 89FA 10 65EE 1 0 9F0D 0 0 3
83F8 95F3 1A 73E5 1 1 13E924 0 0 37
34C4 E853 B4 66BB 0 1 C796 0 0 37
3F17 D562 46 2580 0 0 2580 0 0 3
97DF E6B0 13 14F8 1 1 76218 0 0 37
4C2C C29B 1E 66C0 1 1 FFFB3489 0 0 37
60F3 4EA6 12 5129 0 1 17D9C6 0 0 37
2988 8D4D 9C 7D83 0 0 7D83 0 0 3
8CE1 9744 FB 4420 0 0 4420 0 0 3
A0ED 184F D5 31DD 1 1 24D3 0 0 37
8EC2 5667 18 5F45 1 0 5F1F 0 0 3
EE4A CD1B 1E 2C21 1 0 2C21 0 0 3
AC26 DC 0 8107 0 0 9471AF 0 0 3
E797 1874 1F 16 1 1 FFFF6114 0 0 37
7EE9 543A 1F 274F 0 0 274F 0 0 3
D1C 7335 19 6C1C 0 1 2D6B9 0 0 37
8478 4B68 3 2A30 1 1 FBF52962 0 0 37
F34 B882 0 C63A 1 1 0 1 0 3
E55A E117 D8 1C2F 1 0 1C2F 0 0 3
5B61 FECE E9 CB4C 1 0 FFFFCB4C 0 0 3
C94B C15C DF D830 0 0 D830 0 0 3
AB58 DF5C A 1928 0 1 17ECF83 0 0 37
B59 F464 19 137B 0 1 48368 0 0 37
ACEA 1FC4 8D 65FB 1 1 43FF 0 0 37
6F0A 4E29 13 7109 0 0 7545 0 0 3
709 3909 CE 9F84 1 0 FFFF9F84 0 0 3
9AA5 596F B CBE5 0 0 78CB2 0 0 3
ED01 A5D4 B9 932 0 1 12F2B 0 0 37
AD80 5B52 47 B40D 0 1 3D8AB 0 0 37
D103 5BF7 1D 6FE6 0 1 174AFB 0 0 37
54C3 73C4 4F 831F 0 0 831F 0 0 3
4BF6 6A77 19 FF51 0 0 FF60 0 0 3
942 4116 30 3649 1 1 793C 0 0 37
DCB0 F48C 21 61A0 1 1 C0B3 0 0 37
313 46CD 0 D191 1 1 0 1 0 3
E841 9576 53 1EE2 1 1 7CE5 0 0 37
8A3D A5F8 77 9ADC 1 0 FFFF9ADC 0 0 3
B061 A3C7 1 DDC9 0 1 70D7BC30 0 0 37
A967 DB62 10 396A 1 0 45CC 0 0 3
84E3 CFFE 8 60FC 1 1 5CBA94 0 0 37
F18 A824 20 2922 0 1 2A399 0 0 37
97B0 FE6A F 4CD0 1 1 10909 0 0 37
D993 C838 17 77C7 1 1 4850E 0 0 37
E33 B10 95 AE1F 0 0 AE1F 0 0 3
C62 160F 6B EC4 0 1 14DF 0 0 37
CBAB 5CBC 9 2714 0 0 250A96 0 0 3
A8B6 2CBB 9D 253B 0 0 253B 0 0 3
78C2 CC09 A 7766 0 0 18871B 0 0 3
363A 8DD1 15 1E53 0 0 1F43 0 0 3
7677 FC5C 12 DDD6 0 1 5D2324 0 0 37
3B78 2781 1E 1C84 0 0 1C84 0 0 3
DFAA 385C 18 E077 1 0 FFFFE070 0 0 3
1B8A D440 81 C979 0 0 C979 0 0 3
8E93 B17F 13 BBBA 1 1 18662E 0 0 37
7AD8 2C65 1D 204F 0 0 204F 0 0 3
237D 24D7 1A ED03 1 1 1DC1D 0 0 37
3B4E A43C EB EFC0 1 0 FFFFEFC0 0 0 3
6E7E AAA1 1B 8322 1 1 FFF292A5 0 0 37
9B99 D02E 12 9FEA 1 0 FFFFA49A 0 0 3
E8A1 7D8E 6 6B58 1 1 FFAEE8DB 0 0 37
729 76DF 13 3DD2 0 0 3E3C 0 0 3
D477 C04C 1D 2F49 0 0 2F4D 0 0 3
91D 81E1 88 2626 1 1 163E 0 0 37
E5FD 8649 1 4863 1 0 62F49F5 0 0 3
CD93 F4F9 A5 D6E0 1 1 FFFFDC1A 0 0 37
EC0C AEC2 C1 F3A9 1 0 FFFFF3A9 0 0 3
C193 9D0C 50 EC90 0 0 EC90 0 0 3
DCC4 EFCE 5 1C44 1 1 16EF88 0 0 37
98EB CCA5 D5 58 1 1 1E36 0 0 37
FF51 C245 14 5973 0 0 658F 0 0 3
6470 33E5 12 391 0 0 8A8 0 0 3
DD94 80CA 1E 133C 1 0 133C 0 0 3
30B7 F031 5 79E0 0 1 1D482F4 0 0 37
CF40 46F4 D5 F60B 1 1 FFFFE287 0 0 37
EBF0 9481 97 12C5 0 1 19C28 0 0 37
95CB 339F A6 DB06 0 1 122DC 0 0 37
D4C0 A60E 7 4F6D 0 0 1144FB2 0 0 3
7F47 F3F4 27 A35 0 1 147431 0 0 37
58A 18A0 B A681 0 1 1C715 0 0 37
E43D A881 0 EC21 1 0 97CF6DE 0 0 3
9B7C AB1A DE 933 0 1 9363 0 0 37
7D2D A414 15 D052 0 0 D2D3 0 0 3
6A04 C077 10 FC19 1 0 FFFFE1CA 0 0 3
54EA 7FE C5 655C 1 1 69D6 0 0 37
6FE7 8BD2 9 3DFA 0 0 1ECD16 0 0 3
62AB A68F FC 81DA 1 1 FFFF5E47 0 0 37
FC13 BD03 D DD6D 1 1 16BC9 0 0 37
4BD8 A323 F 44DD 0 0 A586 0 0 3
912C 2E5B 40 4E42 0 1 1F2DA 0 0 37
E515 30B9 13 AF59 1 1 FFFC0D4D 0 0 37
3C74 4F45 67 4712 1 0 4712 0 0 3
23E6 D6D 1B 9AD5 0 1 14414 0 0 37
E8C6 C0F3 14 DD4A 1 0 FFFFDDA5 0 0 3
B5C3 CFE4 CE 7D34 1 0 7D34 0 0 3
E8F4 B292 12 2EA4 1 1 5B0A0 0 0 37
7BDB 2A5D 2E F18A 0 1 36C53 0 0 37
6329 B99B 4D 6F4 0 0 6F4 0 0 3
B220 50E5 E2 F3E6 1 1 FFFFD453 0 0 37
7A11 8B8D E5 CA71 1 0 FFFFCA71 0 0 3
2C46 DBBE FA B5B5 1 0 FFFFB5B5 0 0 3
AC4B ED20 37 E7A8 0 0 E7A8 0 0 3
273E 3811 9B 538D 0 1 6AFE 0 0 37
D8DB F2D9 A5 F9CD 0 1 2E8FE 0 0 37
526B 77B8 5 27AA 1 0 1347F79 0 0 3
E211 A72F 49 EDD5 1 1 6D8C 0 0 37
5963 39D1 1D CAEC 1 1 5F010 0 0 37
7332 29FE FF 2E22 1 0 2E22 0 0 3
F795 D186 7 59AF 0 0 1959E28 0 0 3
6E3 82AE A F64B 1 0 FFFF1E89 0 0 3
3999 9C94 E9 BD7D 1 0 FFFFBD7D 0 0 3
9EFA 74B6 17 D678 0 0 D708 0 0 3
957 B587 E 170B 1 1 FFFC8A8E 0 0 37
F5C1 521A 71 D90 0 1 1A213 0 0 37
FDF4 393C CB 4E6A 0 1 A8B5 0 0 37
78C3 E79 7E E6F7 0 0 E6F7 0 0 3
6889 DC7C 20 B10E 1 1 FFFC10E6 0 0 37
54CE 84B4 0 5D73 0 0 2BF6364B 0 0 3
FC99 B2C8 18 C20B 1 1 36CF 0 0 37
225C 2A13 35 F678 0 0 F678 0 0 3
E798 1583 A4 DBBE 1 0 FFFFDBBE 0 0 3
6 1009 1E DC24 0 0 DC24 0 0 3
FD3 1373 1D A1A2 1 1 FFFFFF51 0 0 37
C0BA 3409 FB 5D20 0 1 85E0 0 0 37
CEB 4798 3 C107 0 1 6783C0 0 0 37
C42C BB58 12 769A 1 1 D2417 0 0 37
DCC7 7BF1 11 C444 1 1 FFF0A936 0 0 37
767D 256D 8 CDCF 0 0 122053 0 0 3
89C9 DD82 CD 645B 1 1 7D31 0 0 37
3E73 D8A 9 6394 0 1 AD3C9 0 0 37
194E 60A4 18 6CAB 0 0 6CB4 0 0 3
66E4 936D 1F 22BC 0 1 FEB85 0 0 37
F7E 927B 3E B39A 1 0 FFFFB39A 0 0 3
BF14 C37B 13 F536 0 1 686D15 0 0 37
B013 43D5 6 D518 1 0 FFAB1EFC 0 0 3
E310 A6FE 6A 8D5C 0 0 8D5C 0 0 3
67BC AE0E 46 DCAA 1 0 FFFFDCAA 0 0 3
EF4D B260 5 82CB 1 1 335CAB 0 0 37
1236 85A7 20 EEE7 0 0 EEE7 0 0 3
5A6E D71A 11 94AC 0 1 43E320 0 0 37
7245 F4D 1F 9C1A 1 0 FFFF9C1A 0 0 3
8E93 6E25 20 B26A 0 1 10085B 0 0 37
8AAB C4F5 40 901F 0 1 73B19 0 0 37
DE94 C495 16 8DA4 0 1 5AF4B5 0 0 37
C24C 2010 1F 1599 0 0 1599 0 0 3
BE53 73B5 5 B130 0 1 37190EF 0 0 37
865A 5AFF D6 87C9 0 1 CC20 0 0 37
870F CDC8 14 2623 0 1 45A15A 0 0 37
28E4 3E6 82 3A54 1 1 3CBE 0 0 37
7444 4191 4 E9DA 1 0 1DC5BC2 0 0 3
7A4D AA03 0 304C 0 1 0 1 0 3
512C 73B7 5 D7C9 0 0 1265E1C 0 0 3
CC9C 3ABD E1 79D2 1 1 6A8F 0 0 37
F89A 2AF7 41 D328 1 0 FFFFD328 0 0 3
9257 E246 31 3C26 1 1 197B7 0 0 37
5C61 1089 81 6AF8 1 1 8277 0 0 37
BA16 88D0 5 C3CF 0 0 31C5ADE 0 0 3
34AC E567 1D 91DC 0 0 91DD 0 0 3
A73D 3EC9 19 D124 0 1 119DF9 0 0 37
E989 755C E 5FCD 0 0 20C0B 0 0 3
47A4 62AF A9 F0D6 0 0 F0D6 0 0 3
4098 99AD 0 BD8E 1 1 0 1 0 3
F31F 5502 21 B709 1 1 FFFEB5AC 0 0 37
D17B 797 1A C3D4 0 0 C3D5 0 0 3
2E10 E887 10 50B9 0 1 2A2783 0 0 37
5F4A 388C 12 98DD 1 1 103A48 0 0 37
3DF 1B4 3E A6B4 1 0 FFFFA6B4 0 0 3
4E0D A3AC 8 BB80 1 1 FF8F225F 0 0 37
F225 A33D 56 902E 1 0 FFFF902E 0 0 3
F476 91A6 B7 C8B7 1 1 FFFFD272 0 0 37
9E61 6FA1 12 80D1 1 1 FFDDDE94 0 0 37
16CC BC08 ED C640 1 0 FFFFC640 0 0 3
930D 60D3 C3 68CD 1 1 21C8 0 0 37
8DB9 9C7F 4C 472A 1 1 23F24 0 0 37
C354 62DA 2 9998 1 0 FA2438FA 0 0 3
D0BC 1273 8 6CB7 1 1 FFF2CCA9 0 0 37
6EDB 6032 F8 F1B7 1 1 1E19 0 0 37
51CD DB86 BF 6D4C 0 0 6D4C 0 0 3
A501 DA8B 21 8055 1 0 FFFF8055 0 0 3
7182 75F9 D0 EC85 1 0 FFFFEC85 0 0 3
3742 82D3 80 4915 1 0 4915 0 0 3
F2D3 8D0A FA 658C 0 1 F1D3 0 0 37
28BB D9D 0 AA14 1 0 22A23C3 0 0 3
1D39 4D4D 18 9FB 1 0 A03 0 0 3
AE6 A40C 2B EF 0 1 F877 0 0 37
ECA4 3390 2 1A13 0 0 BEA8C23 0 0 3
23F2 AEDD 98 2F10 0 1 74B5 0 0 37
E798 362F D E20E 1 0 FFFFB8BB 0 0 3
137D A135 8E 6A3E 1 1 52CA 0 0 37
59AB D382 AE E5FE 1 0 FFFFE5FE 0 0 3
F1F8 58F 16 2E46 1 0 2E45 0 0 3
DAD5 5D3E DF AFDD 1 0 FFFFAFDD 0 0 3
98FB 31B6 D6 28CB 0 0 28CB 0 0 3
9654 4887 13 2862 0 0 2DB4 0 0 3
A983 502C A 244 0 0 D47C8 0 0 3
FB0F 842 20 91CD 1 0 FFFF91CD 0 0 3
D605 3C94 53 A5D8 1 0 FFFFA5D8 0 0 3
7AAE DF36 21 E53A 0 1 1A0A79 0 0 37
BEA2 2E06 C 74DB 0 0 29934 0 0 3
1E6D D01E 8 B1D9 1 0 FFFA00FA 0 0 3
7AEE 5977 DF 1A14 1 0 1A14 0 0 3
DECB 4324 2 180 1 1 FDD29EE3 0 0 37
8B74 FAA2 1A F126 0 1 34A53A 0 0 37
251A 40B1 55 D77 1 0 D77 0 0 3
70AE E9D1 14 F190 0 0 F7FE 0 0 3
E444 59BF 49 A348 0 1 47B68 0 0 37
A84F 661F 13 3EA2 1 0 3A43 0 0 3
DC70 329D 18 907 0 0 932 0 0 3
3785 936D 14 1685 1 0 150D 0 0 3
6094 BEBE 3 6C44 1 1 FD4425CE 0 0 37
183A 1469 1C B6C0 1 1 5835 0 0 37
BB87 BBCC 41 BBC4 0 0 BBC4 0 0 3
8A8C 37AB F E65F 0 0 122A0 0 0 3
41A 45C2 1E E848 0 1 139AA 0 0 37
E4F6 F2D7 F AD2 0 1 F72837 0 0 37
F9E2 294 2C D4D 0 1 627C 0 0 37
E550 DDED 80 44F1 0 1 3601A 0 0 37
DE27 5214 56 C0FA 1 0 FFFFC0FA 0 0 3
36CD B201 6 B2CC 0 1 10FA9EE 0 0 37
D6A7 54B1 BE E9C 1 1 FFFFF5C7 0 0 37
CBC9 1D79 FB 9252 0 1 AAB9 0 0 37
8828 A30A 44 E714 1 0 FFFFE714 0 0 3
BF7 E3B3 18 95B6 0 0 95C0 0 0 3
254D 3E2F 1C F05E 0 1 3E5C0 0 0 37
2AE8 1D31 18 7791 0 1 2A43A 0 0 37
2F3 965C 23 8B1 0 0 8B1 0 0 3
4EAD 8B20 E ECBB 0 0 197C2 0 0 3
68C2 89B 3A 959F 1 1 FFFFDA39 0 0 37
918B 9E6B 6 CDEF 1 0 A8386B 0 0 3
DEE6 3CB0 6A 53CC 0 1 187FF 0 0 37
27F5 AE08 3 CBF5 0 0 36604AA 0 0 3
E014 9D23 E5 D180 1 0 FFFFD180 0 0 3
E28C 5A11 FE 7458 1 0 7458 0 0 3
1481 769B 6 974 1 1 4396CA 0 0 37
2456 D3B4 18 7295 1 1 FFFDA738 0 0 37
1128 80C5 4A A4F2 1 1 FFFF3EE7 0 0 37
570B F4B7 11 FED4 0 1 4AB346 0 0 37
DBFD 5D03 11 3FF6 0 0 67EC 0 0 3
EC07 36D6 63 69ED 0 1 1BBFD 0 0 37
8A96 4A84 FC 9CB5 0 1 C656 0 0 37
3513 5CA1 4 2EB8 0 1 1337207 0 0 37
A965 3A6F 1E 76FD 0 0 76FD 0 0 3
A026 E2B1 4 BB55 1 1 AF4FB9 0 0 37
A8DB CDB3 19 4BE0 1 0 4BE8 0 0 3
B73E 49A1 B4 9D6B 0 0 9D6B 0 0 3
3859 C2C1 42 B868 1 1 FFFEED97 0 0 37
C904 7FBA 1D 99BE 1 0 FFFF99BE 0 0 3
CEBB 6CB8 8 27AF 0 1 15F5598 0 0 37
C1E5 83AD E0 8716 1 1 FFFFAE7A 0 0 37
DC12 1F2B 80 CED0 0 0 CED0 0 0 3
5DD1 5231 8 C726 1 0 1DE60D 0 0 3
682D F01A ED 8E26 0 0 8E26 0 0 3
BD91 8CB 1 C837 0 0 3423534 0 0 3
ED38 B780 D7 B89C 1 0 FFFFB89C 0 0 3
EF2B AF6 8 AB2C 1 1 FFFCC932 0 0 37
6143 8899 7F 45DC 1 0 45DC 0 0 3
6098 321E DB 1F63 0 1 3939 0 0 37
2189 564F 9E DCFC 0 0 DCFC 0 0 3
D8E 488 94 A8BC 1 0 FFFFA8BC 0 0 3
151E 2FB2 9 5A0C 1 1 CC944 0 0 37
D15B 7922 72 BBB8 1 0 FFFFBBB8 0 0 3
CF3B 8A28 AB 2C1E 0 0 2C1E 0 0 3
E1D4 C49B 90 24D5 1 1 3AF4 0 0 37
E63C 5B09 6F 9AF5 1 0 FFFF9AF5 0 0 3
AE0E D234 1D BCDC 0 0 BCE0 0 0 3
A394 5ED0 11 B92 0 1 35B5DE 0 0 37
A4DD 41E 27 9799 0 0 9799 0 0 3
A53D 7B3D A3 A927 1 1 FFFF3D61 0 0 37
2C34 3418 5 2319 0 0 4818C0 0 0 3
4A80 648E 1 B779 0 0 EA260F9 0 0 3
55E0 4B9E 5C 6AA7 1 0 6AA7 0 0 3
4FB7 DBF5 12 D865 0 1 36F64B 0 0 37
F92D BD90 D 2AD1 1 1 2D999 0 0 37
5023 5EC9 11 77CF 0 0 86A4 0 0 3
752B BE31 D0 8C52 1 0 FFFF8C52 0 0 3
2553 5651 B 9BF5 1 0 12EAB 0 0 3
9723 BD4C 83 ECC8 1 1 5520 0 0 37
170C 440C 1F F2ED 1 1 194B2 0 0 37
6F88 F992 F 6766 1 0 61CC 0 0 3
B669 836A 20 B128 1 1 8A538 0 0 37
6028 81D2 F5 404F 0 1 758C 0 0 37
591E 1235 E BA5F 1 0 FFFFD3B9 0 0 3
2C21 5791 17 9A90 0 0 9AAE 0 0 3
EE46 4FD0 23 F5B2 0 1 107BE6 0 0 37
246C FA19 3 6625 1 1 FFE88351 0 0 37
9CC 272A 3 2DC8 1 0 3023B7 0 0 3
88DA D095 9 58F1 1 0 B61D4 0 0 3
11EA 9399 13 9530 1 0 FFFF943E 0 0 3
ED8E 2587 19 F822 1 1 FFFEDC9C 0 0 37
2597 AEBE DD F9B 1 0 F9B 0 0 3
C537 BA 89 3CD 1 0 3CD 0 0 3
376A 9426 1B E30D 0 0 E311 0 0 3
5C83 2C29 E1 63AA 1 0 63AA 0 0 3
EB69 A045 B 30A 1 1 104D3F 0 0 37
EFB5 9B97 66 D468 1 1 FFFFFCA9 0 0 37
557B 89F3 18 BFB2 0 0 BFE0 0 0 3
112A 82EC A7 BE0E 1 0 FFFFBE0E 0 0 3
82E5 56E6 D 9FF5 0 0 20369 0 0 3
453 CC10 5D 7F71 0 0 7F71 0 0 3
E55 1FF6 D4 5D87 0 1 6022 0 0 37
C250 8263 37 87C5 0 1 8E7E3 0 0 37
643A 5FB9 8 53AA 1 1 963B79 0 0 37
E9AA 7DFA D 7FB9 1 1 FFEFD965 0 0 37
CF50 3529 30 D277 1 1 FFFEB2E3 0 0 37
7548 B830 1C D76B 1 0 FFFFD769 0 0 3
53E2 CA36 D 5C2A 1 0 FFFFCF2B 0 0 3
8856 EAC0 1 C89F 1 1 9EEA51F 0 0 37
E035 8F41 1C 5C10 0 1 2953BF 0 0 37
97B7 4349 7A 53A3 0 0 53A3 0 0 3
134E 598F 64 A8BC 1 0 FFFFA8BC 0 0 3
D675 2C0B 54 AA6C 0 0 AA6C 0 0 3
8DA5 2547 1D E55E 0 0 E55E 0 0 3
EDA7 6667 D2 B213 1 0 FFFFB213 0 0 3
1EAA 5676 22 46EC 0 1 2920C 0 0 37
C0C7 DD82 7 2C5E 1 0 1135BE 0 0 3
EF68 CB4 D BA28 0 0 11931 0 0 3
4BC 733A 50 40DD 1 1 56AF 0 0 37
44D7 E92A 81 DC39 1 0 FFFFDC39 0 0 3
1B35 487D CA 5185 0 0 5185 0 0 3
3488 7AA0 29 262 0 1 3D762 0 0 37
281F FC35 FC 2C7C 1 0 2C7C 0 0 3
33EF 282D B0 1E58 0 0 1E58 0 0 3
169D 4BE9 1B 2274 1 1 27D41 0 0 37
C090 CAF8 4 6961 0 0 98B2C19 0 0 3
1F1E 6B9 24 5BB7 0 1 8509 0 0 37
C213 554E 19 10BA 0 0 10DA 0 0 3
7F09 7CE B6 BF39 0 0 BF39 0 0 3
F427 BA47 16 6EA9 1 0 6EB5 0 0 3
1D64 667 2C EEFD 0 0 EEFD 0 0 3
AC5A 28E7 12 B59C 1 0 FFFFB245 0 0 3
9A60 380B 75 68A8 0 0 68A8 0 0 3
7C35 D6A6 10 60E4 0 0 C908 0 0 3
BBA5 7037 60 5041 0 0 5041 0 0 3
3495 6905 96 E626 1 1 24FA 0 0 37
48E6 3B10 5 69EB 0 1 ACA2E4 0 0 37
D2AB F184 B3 1F96 1 1 24D5 0 0 37
9DF2 49F8 1E 5124 1 0 5124 0 0 3
983B F6B9 F 5BEC 0 0 18159 0 0 3
3C20 AEC6 94 F82B 1 1 FFFFBF17 0 0 37
C10C EE26 4A 6A18 0 1 8CF58 0 0 37
A241 9086 25 A4E4 0 0 A4E4 0 0 3
2D56 5195 11 2828 1 0 2F61 0 0 3
B72F 6144 99 46B7 0 0 46B7 0 0 3
6907 5F33 18 22DA 0 0 2301 0 0 3
A2DA 227 1C F8D7 0 1 16B4A 0 0 37
BB40 6757 4E D60C 1 1 FFFEAB1B 0 0 37
6ED4 7C2F 1B 7434 1 0 743A 0 0 3
1FDE C9D0 13 C79B 0 1 12983B 0 0 37
1573 8CAF 14 D204 0 0 D2C0 0 0 3
FB42 75C2 5A C3C9 1 0 FFFFC3C9 0 0 3
D701 5FBF BB 97AE 1 0 FFFF97AE 0 0 3
6A7D 3225 FC 990B 0 0 990B 0 0 3
D63E 5286 2D F882 0 0 F882 0 0 3
CC3F B133 20 EF59 0 0 EF59 0 0 3
33D4 C15F 2 EDEE 1 0 FCD471D9 0 0 3
10C6 F4C3 5F AF0D 1 1 FFFFA9B5 0 0 37
C500 5D06 92 1C9B 0 0 1C9B 0 0 3
D6FC 453 6 E905 1 1 FFFAFBCA 0 0 37
B170 CD59 F9 1B9D 0 0 1B9D 0 0 3
7221 52E1 6 96BE 1 0 936242 0 0 3
6218 4485 1D 1C65 0 1 81A5D 0 0 37
769C 4F30 21 32C7 0 1 8D2B8 0 0 37
508F 4EBC 1 E14F 1 0 C633ED1 0 0 3
77D3 5912 11 4B4E 1 1 253964 0 0 37
B3F2 E562 1B 8D4 0 1 38A7AE 0 0 37
7133 8E76 21 8059 1 1 FFF3B300 0 0 37
22DC 2D68 AA F80D 0 1 10612 0 0 37
AD46 4380 F6 CB08 0 1 FC82 0 0 37
DE4A 3137 16 1F5C 1 1 FFFCB1D5 0 0 37
828 AB51 D 32CD 0 0 5E77 0 0 3
B6EF 534F 5 7CC9 0 0 1DCBC4F 0 0 3
A7F9 DC91 1C 7C66 0 0 7C6F 0 0 3
3CDA 548C 35 7565 0 0 7565 0 0 3
A78A 7003 B1 39AE 1 0 39AE 0 0 3
9B3 3089 14 5354 0 1 1809C 0 0 37
ED0 B5D5 EA D6B9 0 1 E350 0 0 37
2D47 7F27 BC 53FC 0 1 7DAF 0 0 37
D957 7A90 D 4793 1 1 FFE43E0E 0 0 37
1735 BE7D FD 3F25 0 0 3F25 0 0 3
9CC4 952 E FFCA 0 1 8742B 0 0 37
5603 C779 9E 7C74 1 0 7C74 0 0 3
B58A 6A24 39 8197 0 1 66FD5 0 0 37
D597 4485 11 5F46 0 1 330337 0 0 37
B97C FD95 41 2EFA 1 1 394E 0 0 37
6A4E A646 AA 98C7 1 1 FFFF444A 0 0 37
47CC 9507 21 CD20 0 0 CD20 0 0 3
A267 1821 B7 F43F 1 0 FFFFF43F 0 0 3
C9AA FD32 45 F5F5 0 1 BAF7C 0 0 37
B0E8 729E BE 395C 1 1 FFFFF913 0 0 37
E69C 2AB2 5 4D21 1 0 FFDE6CA5 0 0 3
9D2F C5CF 65 295 1 1 92E3 0 0 37
C8FD E7D4 5D 9A88 1 1 FFFFC1E3 0 0 37
BCA0 51DF 0 D215 1 0 EA73C175 0 0 3
B889 561F 2E 494E 0 0 494E 0 0 3
307F 5894 17 AA53 0 1 8C925 0 0 37
3950 1435 8A 3F95 0 0 3F95 0 0 3
C197 A5F0 8E E92D 0 0 E92D 0 0 3
928E 3456 48 741 0 0 741 0 0 3
F334 2FC7 7E 6C52 0 0 6C52 0 0 3
4B3A E301 9 5D87 1 1 FFE56F9E 0 0 37
1A8D 9CBF 1A 75CE 0 1 69DD8 0 0 37
32B5 CBB0 10 BE65 0 0 E6BD 0 0 3
108B E1ED 11 6DFE 1 1 FFFEB54A 0 0 37
3B8 3F98 14 B39B 0 1 14AF5 0 0 37
ACFA D99C 9B 7F4F 1 1 A145 0 0 37
3C00 5754 4 3959 1 1 147B459 0 0 37
90A5 B556 4F C6F 0 0 C6F 0 0 3
6663 F54B 61 E3F 1 1 FFFFF06C 0 0 37
DF8D 11D8 8 58F 0 0 F9A8A 0 0 3
3B63 804F 5F 2AF 0 0 2AF 0 0 3
EDDF C977 3 500B 1 0 7BE540 0 0 3
246F FBDE 17 2D62 0 0 2DA9 0 0 3
F0D7 59D6 4C A024 0 0 A024 0 0 3
A0DD 18EE A 1355 0 0 3FDE6 0 0 3
A3B0 ED0E 11 A310 0 0 EED9 0 0 3
29EF 7F2B 1C B3C 1 1 6D87E 0 0 37
B34B 72CE B 8C56 1 0 FFFB3F8C 0 0 3
E69 306E 10 12FC 1 1 2CCDD 0 0 37
773 6BB9 D5 210C 1 1 2593 0 0 37
B7B8 9E49 33 60E2 1 0 60E2 0 0 3
2EC8 A134 13 B9E8 1 1 FFF37111 0 0 37
7184 1A9D 7 CC3C 1 1 3D738A 0 0 37
15AA 4A85 20 3853 0 0 3853 0 0 3
B97C A3B6 4 D9E8 1 0 196970A 0 0 3
