# arith_unit vectors  N=4 CW=4 DW=4  seed=4
# A B C D sgn fsel P err ovf latency   (hex bit patterns, latency decimal)
0 0 3 7 0 0 7 0 0 3
0 1 1 9 0 0 9 0 0 3
0 2 9 2 0 0 2 0 0 3
0 3 1 1 0 0 1 0 0 3
0 7 0 9 0 0 9 0 0 3
0 8 F 7 0 0 7 0 0 3
0 9 0 3 0 0 3 0 0 3
0 E F F 0 0 F 0 0 3
0 F 7 7 0 0 7 0 0 3
1 0 2 1 0 0 1 0 0 3
1 1 4 3 0 0 3 0 0 3
1 2 0 7 0 0 9 0 0 3
1 3 4 3 0 0 3 0 0 3
1 7 2 7 0 0 8 0 0 3
1 8 4 8 0 0 8 0 0 3
1 9 1 8 0 0 C 0 0 3
1 E 8 F 0 0 F 0 0 3
1 F 3 2 0 0 3 0 0 3
2 0 3 E 0 0 E 0 0 3
2 1 4 1 0 0 1 0 0 3
2 2 F 7 0 0 7 0 0 3
2 3 0 7 0 0 D 0 0 3
2 7 4 F 0 0 F 0 0 3
2 8 3 9 0 0 B 0 0 3
2 9 8 7 0 0 7 0 0 3
2 E 8 E 0 0 E 0 0 3
2 F 2 3 0 0 A 0 0 3
3 0 4 7 0 0 7 0 0 3
3 1 0 1 0 0 4 0 0 3
3 2 0 E 0 0 14 0 0 3
3 3 4 F 0 0 F 0 0 3
3 7 F E 0 0 E 0 0 3
3 8 7 2 0 0 2 0 0 3
3 9 3 1 0 0 4 0 0 3
3 E 8 3 0 0 3 0 0 3
3 F 9 7 0 0 7 0 0 3
7 0 2 8 0 0 8 0 0 3
7 1 8 8 0 0 8 0 0 3
7 2 F 3 0 0 3 0 0 3
7 3 7 1 0 0 1 0 0 3
7 7 0 3 0 0 34 0 0 3
7 8 4 3 0 0 6 0 0 3
7 9 1 8 0 0 27 0 0 3
7 E 2 7 0 0 1F 0 0 3
7 F 9 0 0 0 0 0 0 3
8 0 0 8 0 0 8 0 0 3
8 1 1 7 0 0 B 0 0 3
8 2 7 0 0 0 0 0 0 3
8 3 7 7 0 0 7 0 0 3
8 7 7 2 0 0 2 0 0 3
8 8 8 1 0 0 1 0 0 3
8 9 4 3 0 0 7 0 0 3
8 E 9 7 0 0 7 0 0 3
8 F 2 7 0 0 25 0 0 3
9 0 8 2 0 0 2 0 0 3
9 1 7 0 0 0 0 0 0 3
9 2 7 0 0 0 0 0 0 3
9 3 9 2 0 0 2 0 0 3
9 7 7 8 0 0 8 0 0 3
9 8 4 1 0 0 5 0 0 3
9 9 9 3 0 0 3 0 0 3
9 E 8 3 0 0 3 0 0 3
9 F 1 0 0 0 43 0 0 3
E 0 0 0 0 0 0 0 0 3
E 1 2 2 0 0 5 0 0 3
E 2 0 F 0 0 2B 0 0 3
E 3 9 3 0 0 3 0 0 3
E 7 7 0 0 0 0 0 0 3
E 8 1 F 0 0 47 0 0 3
E 9 4 9 0 0 10 0 0 3
E E 3 E 0 0 26 0 0 3
E F 3 3 0 0 1D 0 0 3
F 0 9 9 0 0 9 0 0 3
F 1 9 0 0 0 0 0 0 3
F 2 3 9 0 0 C 0 0 3
F 3 9 3 0 0 3 0 0 3
F 7 8 3 0 0 3 0 0 3
F 8 9 3 0 0 3 0 0 3
F 9 0 0 0 0 87 0 0 3
F E 4 7 0 0 14 0 0 3
F F 3 F 0 0 2B 0 0 3
3 3 0 0 0 0 9 0 0 3
9 7 0 1 0 0 40 0 0 3
2 8 0 2 0 0 12 0 0 3
0 8 0 3 0 0 3 0 0 3
1 9 0 7 0 0 10 0 0 3
0 E 0 8 0 0 8 0 0 3
9 1 0 9 0 0 12 0 0 3
9 3 0 E 0 0 29 0 0 3
2 8 0 F 0 0 1F 0 0 3
7 E 1 0 0 0 31 0 0 3
8 9 1 1 0 0 25 0 0 3
F 3 1 2 0 0 18 0 0 3
7 8 1 3 0 0 1F 0 0 3
9 E 1 7 0 0 46 0 0 3
1 7 1 8 0 0 B 0 0 3
3 0 1 9 0 0 9 0 0 3
9 2 1 E 0 0 17 0 0 3
7 0 1 F 0 0 F 0 0 3
2 E 2 0 0 0 7 0 0 3
E 9 2 1 0 0 20 0 0 3
9 3 2 2 0 0 8 0 0 3
0 3 2 3 0 0 3 0 0 3
2 0 2 7 0 0 7 0 0 3
7 1 2 8 0 0 9 0 0 3
9 9 2 9 0 0 1D 0 0 3
3 F 2 E 0 0 19 0 0 3
0 3 2 F 0 0 F 0 0 3
2 8 3 0 0 0 2 0 0 3
F E 3 1 0 0 1B 0 0 3
F E 3 2 0 0 1C 0 0 3
0 1 3 3 0 0 3 0 0 3
0 1 3 7 0 0 7 0 0 3
E F 3 8 0 0 22 0 0 3
7 2 3 9 0 0 A 0 0 3
0 8 3 E 0 0 E 0 0 3
1 F 3 F 0 0 10 0 0 3
0 7 4 0 0 0 0 0 0 3
8 1 4 1 0 0 1 0 0 3
1 F 4 2 0 0 2 0 0 3
E 9 4 3 0 0 A 0 0 3
3 7 4 7 0 0 8 0 0 3
9 3 4 8 0 0 9 0 0 3
E 9 4 9 0 0 10 0 0 3
1 1 4 E 0 0 E 0 0 3
1 8 4 F 0 0 F 0 0 3
F 9 7 0 0 0 1 0 0 3
9 E 7 1 0 0 1 0 0 3
1 3 7 2 0 0 2 0 0 3
7 E 7 3 0 0 3 0 0 3
9 1 7 7 0 0 7 0 0 3
F 2 7 8 0 0 8 0 0 3
8 2 7 9 0 0 9 0 0 3
2 2 7 E 0 0 E 0 0 3
8 E 7 F 0 0 F 0 0 3
8 7 8 0 0 0 0 0 0 3
F 0 8 1 0 0 1 0 0 3
2 0 8 2 0 0 2 0 0 3
7 1 8 3 0 0 3 0 0 3
F 1 8 7 0 0 7 0 0 3
E E 8 8 0 0 8 0 0 3
F 1 8 9 0 0 9 0 0 3
F 3 8 E 0 0 E 0 0 3
9 7 8 F 0 0 F 0 0 3
8 3 9 0 0 0 0 0 0 3
2 0 9 1 0 0 1 0 0 3
0 8 9 2 0 0 2 0 0 3
F E 9 3 0 0 3 0 0 3
7 F 9 7 0 0 7 0 0 3
E E 9 8 0 0 8 0 0 3
9 2 9 9 0 0 9 0 0 3
7 8 9 E 0 0 E 0 0 3
8 2 9 F 0 0 F 0 0 3
9 1 F 0 0 0 0 0 0 3
2 2 F 1 0 0 1 0 0 3
7 8 F 2 0 0 2 0 0 3
3 8 F 3 0 0 3 0 0 3
1 1 F 7 0 0 7 0 0 3
9 2 F 8 0 0 8 0 0 3
8 8 F 9 0 0 9 0 0 3
8 2 F E 0 0 E 0 0 3
7 0 F F 0 0 F 0 0 3
0 0 0 F 0 1 0 1 0 3
0 1 1 8 0 1 8 0 0 13
0 2 1 2 0 1 2 0 0 13
0 3 2 E 0 1 E 0 0 13
0 7 1 1 0 1 1 0 0 13
0 8 2 E 0 1 E 0 0 13
0 9 3 7 0 1 7 0 0 13
0 E 8 3 0 1 3 0 0 13
0 F 9 3 0 1 3 0 0 13
1 0 4 8 0 1 8 0 0 13
1 1 3 8 0 1 8 0 0 13
1 2 F F 0 1 F 0 0 13
1 3 9 9 0 1 9 0 0 13
1 7 F 9 0 1 9 0 0 13
1 8 7 7 0 1 7 0 0 13
1 9 9 9 0 1 9 0 0 13
1 E 0 7 0 1 0 1 0 3
1 F 2 F 0 1 12 0 0 13
2 0 9 F 0 1 F 0 0 13
2 1 7 9 0 1 9 0 0 13
2 2 8 0 0 1 0 0 0 13
2 3 2 F 0 1 10 0 0 13
2 7 1 E 0 1 1C 0 0 13
2 8 7 7 0 1 7 0 0 13
2 9 1 7 0 1 19 0 0 13
2 E 9 3 0 1 3 0 0 13
2 F 9 1 0 1 1 0 0 13
3 0 2 3 0 1 3 0 0 13
3 1 1 7 0 1 A 0 0 13
3 2 2 0 0 1 1 0 0 13
3 3 2 9 0 1 B 0 0 13
3 7 F F 0 1 F 0 0 13
3 8 4 0 0 1 1 0 0 13
3 9 F 3 0 1 3 0 0 13
3 E 2 1 0 1 B 0 0 13
3 F 3 0 0 1 5 0 0 13
7 0 7 1 0 1 1 0 0 13
7 1 1 7 0 1 E 0 0 13
7 2 0 7 0 1 0 1 0 3
7 3 2 2 0 1 7 0 0 13
7 7 8 2 0 1 2 0 0 13
7 8 1 F 0 1 47 0 0 13
7 9 7 0 0 1 1 0 0 13
7 E F 2 0 1 2 0 0 13
7 F F 9 0 1 9 0 0 13
8 0 2 3 0 1 3 0 0 13
8 1 4 E 0 1 E 0 0 13
8 2 F 1 0 1 1 0 0 13
8 3 8 2 0 1 2 0 0 13
8 7 2 7 0 1 15 0 0 13
8 8 F 9 0 1 9 0 0 13
8 9 F 7 0 1 7 0 0 13
8 E 8 8 0 1 9 0 0 13
8 F 2 9 0 1 27 0 0 13
9 0 0 9 0 1 0 1 0 3
9 1 0 7 0 1 0 1 0 3
9 2 0 7 0 1 0 1 0 3
9 3 2 1 0 1 7 0 0 13
9 7 2 1 0 1 10 0 0 13
9 8 0 3 0 1 0 1 0 3
9 9 3 F 0 1 18 0 0 13
9 E 0 E 0 1 0 1 0 3
9 F F 2 0 1 2 0 0 13
E 0 9 9 0 1 9 0 0 13
E 1 7 2 0 1 2 0 0 13
E 2 F 3 0 1 3 0 0 13
E 3 1 E 0 1 38 0 0 13
E 7 7 7 0 1 9 0 0 13
E 8 8 0 0 1 1 0 0 13
E 9 3 7 0 1 15 0 0 13
E E 4 E 0 1 1A 0 0 13
E F 7 1 0 1 5 0 0 13
F 0 3 8 0 1 8 0 0 13
F 1 1 0 0 1 F 0 0 13
F 2 7 F 0 1 F 0 0 13
F 3 9 8 0 1 8 0 0 13
F 7 1 2 0 1 6B 0 0 13
F 8 0 E 0 1 0 1 0 3
F 9 F F 0 1 F 0 0 13
F E 3 0 0 1 17 0 0 13
F F 3 1 0 1 1A 0 0 13
8 2 0 0 0 1 0 1 0 3
7 1 0 1 0 1 0 1 0 3
F F 0 2 0 1 0 1 0 3
0 1 0 3 0 1 0 1 0 3
3 7 0 7 0 1 0 1 0 3
0 0 0 8 0 1 0 1 0 3
0 E 0 9 0 1 0 1 0 3
2 3 0 E 0 1 0 1 0 3
8 3 0 F 0 1 0 1 0 3
8 7 1 0 0 1 38 0 0 13
9 9 1 1 0 1 52 0 0 13
0 2 1 2 0 1 2 0 0 13
9 E 1 3 0 1 81 0 0 13
1 F 1 7 0 1 16 0 0 13
F 7 1 8 0 1 71 0 0 13
F 7 1 9 0 1 72 0 0 13
3 9 1 E 0 1 29 0 0 13
8 2 1 F 0 1 1F 0 0 13
3 0 2 0 0 1 0 0 0 13
E 9 2 1 0 1 20 0 0 13
7 8 2 2 0 1 10 0 0 13
9 9 2 3 0 1 17 0 0 13
8 3 2 7 0 1 D 0 0 13
7 7 2 8 0 1 14 0 0 13
F 1 2 9 0 1 C 0 0 13
0 9 2 E 0 1 E 0 0 13
7 7 2 F 0 1 1B 0 0 13
2 8 3 0 0 1 1 0 0 13
1 2 3 1 0 1 1 0 0 13
1 3 3 2 0 1 2 0 0 13
7 3 3 3 0 1 5 0 0 13
E 1 3 7 0 1 8 0 0 13
8 0 3 8 0 1 8 0 0 13
E 3 3 9 0 1 D 0 0 13
2 1 3 E 0 1 E 0 0 13
3 F 3 F 0 1 14 0 0 13
1 1 4 0 0 1 0 0 0 13
8 7 4 1 0 1 4 0 0 13
2 1 4 2 0 1 2 0 0 13
2 0 4 3 0 1 3 0 0 13
2 3 4 7 0 1 7 0 0 13
7 0 4 8 0 1 8 0 0 13
8 8 4 9 0 1 D 0 0 13
8 2 4 E 0 1 F 0 0 13
2 3 4 F 0 1 F 0 0 13
0 0 7 0 0 1 0 0 0 13
2 0 7 1 0 1 1 0 0 13
7 E 7 2 0 1 4 0 0 13
1 3 7 3 0 1 3 0 0 13
2 9 7 7 0 1 7 0 0 13
E F 7 8 0 1 C 0 0 13
E F 7 9 0 1 D 0 0 13
8 8 7 E 0 1 F 0 0 13
9 9 7 F 0 1 10 0 0 13
0 0 8 0 0 1 0 0 0 13
2 2 8 1 0 1 1 0 0 13
8 3 8 2 0 1 2 0 0 13
7 3 8 3 0 1 3 0 0 13
8 3 8 7 0 1 7 0 0 13
8 9 8 8 0 1 9 0 0 13
8 F 8 9 0 1 A 0 0 13
1 3 8 E 0 1 E 0 0 13
3 8 8 F 0 1 F 0 0 13
2 F 9 0 0 1 0 0 0 13
3 0 9 1 0 1 1 0 0 13
0 1 9 2 0 1 2 0 0 13
3 7 9 3 0 1 3 0 0 13
8 F 9 7 0 1 8 0 0 13
E 0 9 8 0 1 8 0 0 13
7 9 9 9 0 1 9 0 0 13
2 2 9 E 0 1 E 0 0 13
9 E 9 F 0 1 10 0 0 13
8 8 F 0 0 1 0 0 0 13
0 E F 1 0 1 1 0 0 13
2 E F 2 0 1 2 0 0 13
0 9 F 3 0 1 3 0 0 13
3 1 F 7 0 1 7 0 0 13
8 7 F 8 0 1 8 0 0 13
F 0 F 9 0 1 9 0 0 13
1 E F E 0 1 E 0 0 13
2 F F F 0 1 F 0 0 13
0 0 0 2 1 0 2 0 0 3
0 1 3 8 1 0 F8 0 0 3
0 2 0 0 1 0 0 0 0 3
0 3 8 9 1 0 F9 0 0 3
0 7 3 2 1 0 2 0 0 3
0 8 0 2 1 0 2 0 0 3
0 9 2 7 1 0 7 0 0 3
0 E 3 9 1 0 F9 0 0 3
0 F 7 F 1 0 FF 0 0 3
1 0 7 2 1 0 2 0 0 3
1 1 7 F 1 0 FF 0 0 3
1 2 7 7 1 0 7 0 0 3
1 3 7 F 1 0 FF 0 0 3
1 7 0 F 1 0 6 0 0 3
1 8 2 8 1 0 F6 0 0 3
1 9 3 E 1 0 FE 0 0 3
1 E 9 1 1 0 1 0 0 3
1 F 1 3 1 0 3 0 0 3
2 0 2 2 1 0 2 0 0 3
2 1 F 2 1 0 2 0 0 3
2 2 0 F 1 0 3 0 0 3
2 3 7 1 1 0 1 0 0 3
2 7 0 2 1 0 10 0 0 3
2 8 F 2 1 0 2 0 0 3
2 9 4 0 1 0 0 0 0 3
2 E 4 E 1 0 FE 0 0 3
2 F 4 3 1 0 3 0 0 3
3 0 9 7 1 0 7 0 0 3
3 1 F 0 1 0 0 0 0 3
3 2 2 7 1 0 8 0 0 3
3 3 8 0 1 0 0 0 0 3
3 7 0 8 1 0 D 0 0 3
3 8 F 8 1 0 F8 0 0 3
3 9 1 3 1 0 F9 0 0 3
3 E 8 1 1 0 1 0 0 3
3 F 8 0 1 0 0 0 0 3
7 0 4 3 1 0 3 0 0 3
7 1 3 2 1 0 2 0 0 3
7 2 3 1 1 0 2 0 0 3
7 3 1 0 1 0 A 0 0 3
7 7 0 7 1 0 38 0 0 3
7 8 F F 1 0 FF 0 0 3
7 9 F 9 1 0 F9 0 0 3
7 E 1 1 1 0 FA 0 0 3
7 F F 8 1 0 F8 0 0 3
8 0 2 3 1 0 3 0 0 3
8 1 F F 1 0 FF 0 0 3
8 2 0 0 1 0 F0 0 0 3
8 3 1 2 1 0 F6 0 0 3
8 7 8 2 1 0 2 0 0 3
8 8 1 F 1 0 1F 0 0 3
8 9 7 F 1 0 FF 0 0 3
8 E 7 7 1 0 7 0 0 3
8 F 2 1 1 0 3 0 0 3
9 0 1 0 1 0 0 0 0 3
9 1 2 0 1 0 FF 0 0 3
9 2 4 F 1 0 FF 0 0 3
9 3 8 7 1 0 7 0 0 3
9 7 7 2 1 0 2 0 0 3
9 8 F 8 1 0 F8 0 0 3
9 9 F E 1 0 FE 0 0 3
9 E 3 E 1 0 FF 0 0 3
9 F 2 E 1 0 FF 0 0 3
E 0 F 0 1 0 0 0 0 3
E 1 F 3 1 0 3 0 0 3
E 2 4 E 1 0 FE 0 0 3
E 3 7 2 1 0 2 0 0 3
E 7 4 2 1 0 2 0 0 3
E 8 7 7 1 0 7 0 0 3
E 9 7 3 1 0 3 0 0 3
E E F E 1 0 FE 0 0 3
E F 4 7 1 0 7 0 0 3
F 0 7 2 1 0 2 0 0 3
F 1 7 1 1 0 1 0 0 3
F 2 3 8 1 0 F8 0 0 3
F 3 3 2 1 0 2 0 0 3
F 7 9 1 1 0 1 0 0 3
F 8 4 0 1 0 0 0 0 3
F 9 F 0 1 0 0 0 0 3
F E 0 0 1 0 2 0 0 3
F F F 2 1 0 2 0 0 3
3 3 0 0 1 0 9 0 0 3
8 9 0 1 1 0 39 0 0 3
9 3 0 2 1 0 ED 0 0 3
E 9 0 3 1 0 11 0 0 3
7 F 0 7 1 0 0 0 0 3
1 8 0 8 1 0 F0 0 0 3
0 1 0 9 1 0 F9 0 0 3
2 0 0 E 1 0 FE 0 0 3
9 0 0 F 1 0 FF 0 0 3
9 2 1 0 1 0 F9 0 0 3
9 0 1 1 1 0 1 0 0 3
F 3 1 2 1 0 1 0 0 3
8 8 1 3 1 0 23 0 0 3
F 8 1 7 1 0 B 0 0 3
2 0 1 8 1 0 F8 0 0 3
8 8 1 9 1 0 19 0 0 3
1 9 1 E 1 0 FB 0 0 3
3 E 1 F 1 0 FC 0 0 3
8 9 2 0 1 0 E 0 0 3
F 1 2 1 1 0 1 0 0 3
9 2 2 2 1 0 FF 0 0 3
1 E 2 3 1 0 3 0 0 3
9 F 2 7 1 0 8 0 0 3
3 0 2 8 1 0 F8 0 0 3
1 7 2 9 1 0 FA 0 0 3
1 2 2 E 1 0 FE 0 0 3
2 E 2 F 1 0 FE 0 0 3
E 8 3 0 1 0 2 0 0 3
9 8 3 1 1 0 8 0 0 3
9 7 3 2 1 0 FC 0 0 3
9 1 3 3 1 0 3 0 0 3
8 9 3 7 1 0 E 0 0 3
F 1 3 8 1 0 F8 0 0 3
E 9 3 9 1 0 FA 0 0 3
8 3 3 E 1 0 FB 0 0 3
2 9 3 F 1 0 FE 0 0 3
7 1 4 0 1 0 0 0 0 3
8 F 4 1 1 0 1 0 0 3
0 F 4 2 1 0 2 0 0 3
3 2 4 3 1 0 3 0 0 3
E 3 4 7 1 0 7 0 0 3
F 8 4 8 1 0 F8 0 0 3
9 E 4 9 1 0 F9 0 0 3
9 F 4 E 1 0 FE 0 0 3
1 E 4 F 1 0 FF 0 0 3
0 9 7 0 1 0 0 0 0 3
8 E 7 1 1 0 1 0 0 3
7 3 7 2 1 0 2 0 0 3
2 8 7 3 1 0 3 0 0 3
8 2 7 7 1 0 7 0 0 3
7 F 7 8 1 0 F8 0 0 3
E 2 7 9 1 0 F9 0 0 3
E 9 7 E 1 0 FE 0 0 3
E 8 7 F 1 0 FF 0 0 3
F 0 8 0 1 0 0 0 0 3
9 7 8 1 1 0 1 0 0 3
2 F 8 2 1 0 2 0 0 3
2 0 8 3 1 0 3 0 0 3
E 7 8 7 1 0 7 0 0 3
2 0 8 8 1 0 F8 0 0 3
0 3 8 9 1 0 F9 0 0 3
8 2 8 E 1 0 FE 0 0 3
8 8 8 F 1 0 FF 0 0 3
E 3 9 0 1 0 0 0 0 3
7 0 9 1 1 0 1 0 0 3
1 0 9 2 1 0 2 0 0 3
E 1 9 3 1 0 3 0 0 3
3 3 9 7 1 0 7 0 0 3
E F 9 8 1 0 F8 0 0 3
1 F 9 9 1 0 F9 0 0 3
2 2 9 E 1 0 FE 0 0 3
3 0 9 F 1 0 FF 0 0 3
3 F F 0 1 0 0 0 0 3
3 3 F 1 1 0 1 0 0 3
0 F F 2 1 0 2 0 0 3
E 8 F 3 1 0 3 0 0 3
8 7 F 7 1 0 7 0 0 3
9 2 F 8 1 0 F8 0 0 3
8 1 F 9 1 0 F9 0 0 3
7 7 F E 1 0 FE 0 0 3
1 0 F F 1 0 FF 0 0 3
0 0 7 0 1 1 0 0 0 13
0 1 8 1 1 1 1 0 0 13
0 2 3 3 1 1 3 0 0 13
0 3 0 E 1 1 0 1 0 3
0 7 8 8 1 1 F8 0 0 13
0 8 1 1 1 1 1 0 0 13
0 9 2 E 1 1 FE 0 0 13
0 E 8 F 1 1 FF 0 0 13
0 F 8 1 1 1 1 0 0 13
1 0 2 2 1 1 2 0 0 13
1 1 0 2 1 1 0 1 0 3
1 2 9 F 1 1 FF 0 0 13
1 3 F E 1 1 FE 0 0 13
1 7 9 8 1 1 F8 0 0 13
1 8 8 3 1 1 3 0 0 13
1 9 4 7 1 1 7 0 0 13
1 E 0 7 1 1 0 1 0 3
1 F 8 8 1 1 F8 0 0 13
2 0 4 1 1 1 1 0 0 13
2 1 2 F 1 1 FF 0 0 13
2 2 3 2 1 1 2 0 0 13
2 3 8 F 1 1 FF 0 0 13
2 7 2 2 1 1 5 0 0 13
2 8 3 F 1 1 FE 0 0 13
2 9 1 F 1 1 F1 0 0 13
2 E 1 7 1 1 3 0 0 13
2 F 0 1 1 1 0 1 0 3
3 0 F E 1 1 FE 0 0 13
3 1 1 F 1 1 2 0 0 13
3 2 0 7 1 1 0 1 0 3
3 3 4 3 1 1 3 0 0 13
3 7 3 1 1 1 3 0 0 13
3 8 4 9 1 1 F8 0 0 13
3 9 4 F 1 1 FE 0 0 13
3 E 4 0 1 1 0 0 0 13
3 F 1 9 1 1 F6 0 0 13
7 0 7 2 1 1 2 0 0 13
7 1 9 8 1 1 F8 0 0 13
7 2 3 E 1 1 FF 0 0 13
7 3 3 2 1 1 4 0 0 13
7 7 2 8 1 1 4 0 0 13
7 8 0 3 1 1 0 1 0 3
7 9 3 F 1 1 FA 0 0 13
7 E 9 F 1 1 FF 0 0 13
7 F 7 2 1 1 2 0 0 13
8 0 2 8 1 1 F8 0 0 13
8 1 F 9 1 1 F9 0 0 13
8 2 9 8 1 1 F8 0 0 13
8 3 7 1 1 1 1 0 0 13
8 7 9 E 1 1 FE 0 0 13
8 8 4 7 1 1 B 0 0 13
8 9 2 1 1 1 F 0 0 13
8 E 4 E 1 1 FF 0 0 13
8 F F E 1 1 FE 0 0 13
9 0 9 1 1 1 1 0 0 13
9 1 4 8 1 1 F8 0 0 13
9 2 F 1 1 1 1 0 0 13
9 3 4 0 1 1 FF 0 0 13
9 7 2 9 1 1 ED 0 0 13
9 8 F 2 1 1 2 0 0 13
9 9 8 E 1 1 FE 0 0 13
9 E 2 0 1 1 3 0 0 13
9 F 7 3 1 1 3 0 0 13
E 0 3 9 1 1 F9 0 0 13
E 1 F 2 1 1 2 0 0 13
E 2 3 E 1 1 FE 0 0 13
E 3 9 7 1 1 7 0 0 13
E 7 8 7 1 1 7 0 0 13
E 8 7 9 1 1 F9 0 0 13
E 9 3 0 1 1 1 0 0 13
E E 0 F 1 1 0 1 0 3
E F 3 0 1 1 0 0 0 13
F 0 F E 1 1 FE 0 0 13
F 1 7 7 1 1 7 0 0 13
F 2 0 2 1 1 0 1 0 3
F 3 7 0 1 1 0 0 0 13
F 7 8 9 1 1 F9 0 0 13
F 8 7 3 1 1 3 0 0 13
F 9 7 E 1 1 FE 0 0 13
F E 7 9 1 1 F9 0 0 13
F F 0 9 1 1 0 1 0 3
2 2 0 0 1 1 0 1 0 3
E 9 0 1 1 1 0 1 0 3
7 2 0 2 1 1 0 1 0 3
E F 0 3 1 1 0 1 0 3
8 8 0 7 1 1 0 1 0 3
1 2 0 8 1 1 0 1 0 3
2 7 0 9 1 1 0 1 0 3
F 2 0 E 1 1 0 1 0 3
1 E 0 F 1 1 0 1 0 3
F 0 1 0 1 1 0 0 0 13
7 3 1 1 1 1 16 0 0 13
0 9 1 2 1 1 2 0 0 13
9 7 1 3 1 1 D2 0 0 13
E 2 1 7 1 1 3 0 0 13
0 1 1 8 1 1 F8 0 0 13
2 9 1 9 1 1 EB 0 0 13
7 F 1 E 1 1 F7 0 0 13
E 1 1 F 1 1 FD 0 0 13
8 7 2 0 1 1 F2 0 0 13
F E 2 1 1 1 1 0 0 13
2 0 2 2 1 1 2 0 0 13
8 7 2 3 1 1 F5 0 0 13
7 7 2 7 1 1 13 0 0 13
9 8 2 8 1 1 6 0 0 13
0 2 2 9 1 1 F9 0 0 13
9 7 2 E 1 1 F2 0 0 13
1 3 2 F 1 1 FF 0 0 13
1 1 3 0 1 1 0 0 0 13
E 7 3 1 1 1 0 0 0 13
9 1 3 2 1 1 2 0 0 13
9 9 3 3 1 1 8 0 0 13
E F 3 7 1 1 7 0 0 13
E 2 3 8 1 1 F8 0 0 13
E F 3 9 1 1 F9 0 0 13
2 7 3 E 1 1 FF 0 0 13
8 7 3 F 1 1 F9 0 0 13
1 E 4 0 1 1 0 0 0 13
F F 4 1 1 1 1 0 0 13
3 7 4 2 1 1 3 0 0 13
F 9 4 3 1 1 3 0 0 13
7 F 4 7 1 1 7 0 0 13
E F 4 8 1 1 F8 0 0 13
8 0 4 9 1 1 F9 0 0 13
8 E 4 E 1 1 FF 0 0 13
8 F 4 F 1 1 FF 0 0 13
8 2 7 0 1 1 0 0 0 13
3 3 7 1 1 1 1 0 0 13
8 1 7 2 1 1 2 0 0 13
7 9 7 3 1 1 2 0 0 13
E 7 7 7 1 1 7 0 0 13
9 F 7 8 1 1 F8 0 0 13
2 9 7 9 1 1 F9 0 0 13
3 9 7 E 1 1 FE 0 0 13
7 8 7 F 1 1 FE 0 0 13
2 7 8 0 1 1 0 0 0 13
E 3 8 1 1 1 1 0 0 13
3 E 8 2 1 1 2 0 0 13
1 E 8 3 1 1 3 0 0 13
2 1 8 7 1 1 7 0 0 13
7 0 8 8 1 1 F8 0 0 13
2 8 8 9 1 1 F9 0 0 13
9 8 8 E 1 1 FE 0 0 13
8 2 8 F 1 1 FF 0 0 13
1 F 9 0 1 1 0 0 0 13
0 E 9 1 1 1 1 0 0 13
8 2 9 2 1 1 2 0 0 13
8 8 9 3 1 1 3 0 0 13
1 8 9 7 1 1 7 0 0 13
F F 9 8 1 1 F8 0 0 13
1 F 9 9 1 1 F9 0 0 13
E E 9 E 1 1 FE 0 0 13
F E 9 F 1 1 FF 0 0 13
2 2 F 0 1 1 0 0 0 13
8 9 F 1 1 1 1 0 0 13
2 F F 2 1 1 2 0 0 13
7 E F 3 1 1 3 0 0 13
2 2 F 7 1 1 7 0 0 13
3 E F 8 1 1 F8 0 0 13
3 9 F 9 1 1 F9 0 0 13
2 F F E 1 1 FE 0 0 13
0 7 F F 1 1 FF 0 0 13
2 E 3 9 1 0 F9 0 0 3
2 8 5 B 0 1 B 0 0 13
B D 1 0 0 1 8F 0 0 13
F 4 1 B 0 1 47 0 0 13
D 3 9 1 1 1 1 0 0 13
A D 0 2 1 0 14 0 0 3
9 F 2 9 0 1 2A 0 0 13
E 2 D 5 0 1 5 0 0 13
4 7 B E 0 1 E 0 0 13
5 F 4 F 1 1 FF 0 0 13
4 0 8 F 0 1 F 0 0 13
4 C 8 5 0 1 5 0 0 13
4 A 8 C 1 1 FC 0 0 13
8 7 1 7 0 0 23 0 0 3
8 7 7 5 1 0 5 0 0 3
8 3 9 2 0 1 2 0 0 13
4 F 5 7 1 0 7 0 0 3
4 2 3 8 0 1 8 0 0 13
5 1 6 4 1 0 4 0 0 3
9 B 1 2 1 0 13 0 0 3
A B 1 B 0 1 79 0 0 13
2 6 3 F 0 1 10 0 0 13
8 F C 2 0 0 2 0 0 3
4 2 4 3 0 0 3 0 0 3
C D 1 6 0 1 A2 0 0 13
7 D D E 0 1 E 0 0 13
E 3 7 7 1 1 7 0 0 13
C 8 E 4 0 1 4 0 0 13
5 F 3 D 0 0 16 0 0 3
B 8 7 5 0 0 5 0 0 3
F 5 C 4 0 1 4 0 0 13
E 7 2 9 1 0 F6 0 0 3
8 F 9 A 0 0 A 0 0 3
A C 9 0 1 1 0 0 0 13
4 3 2 F 1 0 2 0 0 3
3 6 E 2 0 0 2 0 0 3
C C 0 C 1 1 0 1 0 3
2 F 8 3 0 1 3 0 0 13
A 9 F C 0 0 C 0 0 3
6 D D 6 0 0 6 0 0 3
6 D 4 1 1 1 0 0 0 13
1 3 6 6 1 1 6 0 0 13
4 3 B 1 1 0 1 0 0 3
9 B 8 9 1 1 F9 0 0 13
F 0 7 A 0 0 A 0 0 3
8 F 6 B 1 1 FB 0 0 13
4 F 7 5 0 0 5 0 0 3
6 B 0 C 1 0 DE 0 0 3
0 D 5 5 1 0 5 0 0 3
9 9 4 5 0 1 A 0 0 13
D 3 6 1 0 0 1 0 0 3
3 D 4 1 0 0 3 0 0 3
9 6 2 1 1 1 F7 0 0 13
0 1 1 E 1 0 FE 0 0 3
1 A 3 D 0 0 E 0 0 3
1 B 5 A 1 0 FA 0 0 3
B B 7 0 1 0 0 0 0 3
9 4 3 7 0 1 B 0 0 13
F 9 7 8 0 1 A 0 0 13
3 F 4 C 1 1 FC 0 0 13
7 9 0 C 0 1 0 1 0 3
B 5 8 E 1 1 FE 0 0 13
C 8 6 F 1 1 FF 0 0 13
A 2 A A 1 0 FA 0 0 3
E D 1 5 0 0 60 0 0 3
A C 7 2 1 0 2 0 0 3
3 1 6 C 1 0 FC 0 0 3
F D 1 0 0 0 61 0 0 3
D A 0 C 0 1 0 1 0 3
7 7 9 C 0 0 C 0 0 3
F 9 6 F 0 1 12 0 0 13
5 C 8 A 0 1 A 0 0 13
4 F 9 A 1 0 FA 0 0 3
8 6 6 C 0 1 D 0 0 13
2 1 2 5 1 1 5 0 0 13
A B 0 8 0 1 0 1 0 3
0 8 5 8 0 1 8 0 0 13
C D A 9 1 1 F9 0 0 13
F 6 9 2 1 1 2 0 0 13
C 0 8 2 0 1 2 0 0 13
D D B 5 0 0 5 0 0 3
C 7 8 4 0 1 5 0 0 13
4 6 8 7 1 0 7 0 0 3
1 B 2 3 0 1 5 0 0 13
F 3 8 C 1 0 FC 0 0 3
4 4 3 9 0 1 A 0 0 13
9 E 3 9 1 0 FA 0 0 3
8 0 3 5 0 1 5 0 0 13
E 0 9 5 0 1 5 0 0 13
2 6 4 F 0 0 F 0 0 3
E 7 2 7 0 0 1F 0 0 3
A 0 3 8 0 1 8 0 0 13
D 5 9 C 1 0 FC 0 0 3
0 C C A 1 1 FA 0 0 13
2 B F 5 1 0 5 0 0 3
A E 2 7 0 0 2A 0 0 3
C F F B 1 1 FB 0 0 13
A E 4 5 1 1 5 0 0 13
0 A D B 1 0 FB 0 0 3
D 1 0 8 0 0 15 0 0 3
D D 1 3 1 1 C 0 0 13
0 7 9 0 0 1 0 0 0 13
6 4 A 0 0 0 0 0 0 3
B 8 4 3 1 0 5 0 0 3
2 D 6 7 0 1 7 0 0 13
6 E 7 2 0 1 3 0 0 13
3 3 5 A 0 1 A 0 0 13
7 2 8 2 0 0 2 0 0 3
F D F 5 1 0 5 0 0 3
A D 4 E 0 0 16 0 0 3
9 4 A 1 1 1 1 0 0 13
3 9 3 B 1 1 F9 0 0 13
2 9 B 2 0 0 2 0 0 3
1 4 9 E 0 1 E 0 0 13
1 E 0 D 1 1 0 1 0 3
3 C 1 A 0 0 1C 0 0 3
6 5 F 8 0 1 8 0 0 13
1 E 0 2 1 1 0 1 0 3
B 5 D 9 0 0 9 0 0 3
B 9 8 4 1 0 4 0 0 3
B 9 6 2 0 0 3 0 0 3
E 9 C 6 0 0 6 0 0 3
9 3 6 6 0 0 6 0 0 3
6 D 7 5 1 1 5 0 0 13
2 8 2 7 0 0 B 0 0 3
C D E 1 1 0 1 0 0 3
B A B 4 1 0 4 0 0 3
4 2 5 9 0 1 9 0 0 13
5 9 0 7 1 0 E4 0 0 3
9 3 5 2 1 1 2 0 0 13
B D 2 9 1 1 FC 0 0 13
8 3 0 9 0 1 0 1 0 3
C B F A 1 0 FA 0 0 3
8 D 9 0 1 0 0 0 0 3
C D 5 9 0 1 F 0 0 13
6 E 2 B 0 0 20 0 0 3
B E 9 5 1 1 5 0 0 13
6 0 4 F 0 1 F 0 0 13
2 4 6 1 1 0 1 0 0 3
A C 1 9 0 0 45 0 0 3
5 C 0 4 0 0 40 0 0 3
A B 0 3 1 1 0 1 0 3
1 0 0 2 1 1 0 1 0 3
7 C 3 8 1 0 F5 0 0 3
6 A 5 0 0 1 2 0 0 13
4 E B 0 1 1 0 0 0 13
C 8 5 1 1 0 2 0 0 3
7 5 0 D 1 1 0 1 0 3
7 0 7 F 0 1 F 0 0 13
5 A 6 5 0 0 5 0 0 3
2 1 8 3 0 1 3 0 0 13
A 7 4 9 0 0 D 0 0 3
7 E 7 9 0 1 B 0 0 13
9 9 5 7 1 0 8 0 0 3
5 C 1 5 0 0 23 0 0 3
6 5 9 8 1 0 F8 0 0 3
7 7 4 8 0 0 B 0 0 3
D C 3 4 0 1 15 0 0 13
E 4 D 1 0 0 1 0 0 3
E 5 1 3 0 1 49 0 0 13
6 D 3 3 1 1 1 0 0 13
E C 4 C 1 0 FC 0 0 3
2 9 2 8 1 1 F5 0 0 13
F 2 9 F 0 1 F 0 0 13
1 E 9 5 0 1 5 0 0 13
4 C 6 1 1 0 1 0 0 3
2 C 4 1 1 0 1 0 0 3
5 E 9 0 0 1 0 0 0 13
7 A 8 7 0 0 7 0 0 3
1 0 7 B 0 0 B 0 0 3
9 B 2 8 1 1 0 0 0 13
0 B 9 F 0 0 F 0 0 3
E 5 0 2 1 1 0 1 0 3
0 E 9 D 1 0 FD 0 0 3
F 1 2 E 1 0 FE 0 0 3
1 0 6 9 1 1 F9 0 0 13
1 9 6 B 0 0 B 0 0 3
A F 1 1 1 0 4 0 0 3
9 9 C 0 0 1 0 0 0 13
1 2 7 5 0 1 5 0 0 13
E 2 1 F 1 0 FD 0 0 3
8 A 8 0 0 1 1 0 0 13
B 5 5 4 0 0 5 0 0 3
3 7 7 0 1 0 0 0 0 3
A 0 C 2 1 0 2 0 0 3
0 3 0 B 1 0 FB 0 0 3
E 0 4 2 1 0 2 0 0 3
2 B 6 0 1 0 0 0 0 3
9 8 1 2 1 0 1E 0 0 3
D E 9 D 1 1 FD 0 0 13
A C 4 9 0 0 10 0 0 3
C 4 1 1 1 1 F1 0 0 13
C 1 1 A 1 0 F8 0 0 3
C E 6 A 1 0 FA 0 0 3
8 D 6 B 0 0 C 0 0 3
C 4 C 6 1 0 6 0 0 3
5 6 4 1 1 0 2 0 0 3
E 6 6 3 1 1 3 0 0 13
F E 8 3 1 1 3 0 0 13
8 8 2 3 1 0 13 0 0 3
9 0 1 0 0 1 0 0 0 13
8 3 4 E 0 0 F 0 0 3
9 4 5 B 0 0 C 0 0 3
B 7 C 1 0 0 1 0 0 3
4 B 1 8 0 0 1E 0 0 3
9 E 7 D 0 0 D 0 0 3
9 E 4 F 1 0 FF 0 0 3
2 1 7 3 0 0 3 0 0 3
1 B 0 A 1 0 F5 0 0 3
0 B 9 7 1 1 7 0 0 13
A 5 8 A 0 1 A 0 0 13
B 0 2 F 0 0 F 0 0 3
A 3 6 8 1 1 F8 0 0 13
F 9 1 5 0 0 48 0 0 3
B 1 F B 0 0 B 0 0 3
0 5 E E 0 0 E 0 0 3
D E 3 1 0 0 17 0 0 3
2 A 1 3 0 0 D 0 0 3
2 D 5 A 1 0 FA 0 0 3
D B B C 1 0 FC 0 0 3
4 7 0 1 0 1 0 1 0 3
B 9 8 4 1 0 4 0 0 3
F F 5 0 0 0 7 0 0 3
C 4 1 B 1 1 EB 0 0 13
6 5 5 0 0 1 1 0 0 13
E 0 0 B 1 1 0 1 0 3
4 E 5 7 0 0 8 0 0 3
E 7 5 A 1 0 FA 0 0 3
C C 6 E 0 1 12 0 0 13
E 2 5 7 1 1 7 0 0 13
B 4 1 9 1 1 E5 0 0 13
2 2 5 5 0 1 5 0 0 13
3 4 0 0 0 0 C 0 0 3
8 B 0 C 0 1 0 1 0 3
3 F 1 7 1 0 6 0 0 3
B A 6 E 0 0 F 0 0 3
5 9 3 1 1 1 FE 0 0 13
8 7 3 8 1 1 F2 0 0 13
D 1 3 1 0 0 2 0 0 3
A B 6 6 1 1 6 0 0 13
3 7 8 6 1 1 6 0 0 13
8 0 7 1 0 1 1 0 0 13
E 7 2 9 1 0 F6 0 0 3
7 9 4 2 0 1 5 0 0 13
6 C F 4 0 0 4 0 0 3
4 0 6 0 0 1 0 0 0 13
5 8 5 2 1 0 1 0 0 3
E 6 9 8 0 1 9 0 0 13
F 6 8 1 1 1 1 0 0 13
8 3 9 0 0 1 0 0 0 13
1 3 0 E 0 0 11 0 0 3
C C F 6 0 0 6 0 0 3
5 4 7 7 0 0 7 0 0 3
B 7 7 B 0 1 C 0 0 13
1 7 5 F 0 0 F 0 0 3
A 5 2 0 1 0 F9 0 0 3
2 E 4 7 1 0 7 0 0 3
9 9 3 A 1 0 0 0 0 3
5 0 1 D 1 0 FD 0 0 3
5 E 8 7 1 1 7 0 0 13
B D 1 2 0 1 91 0 0 13
4 E 5 4 1 1 4 0 0 13
5 E 3 C 1 1 FB 0 0 13
7 7 4 3 0 0 6 0 0 3
6 D 7 4 0 1 5 0 0 13
A D 9 D 0 0 D 0 0 3
6 B 3 4 1 1 1 0 0 13
6 D 7 1 1 1 1 0 0 13
E 4 5 A 1 1 FA 0 0 13
A E 1 B 1 0 1 0 0 3
4 4 5 E 1 0 FE 0 0 3
D 4 7 3 0 1 4 0 0 13
C 6 9 D 0 1 D 0 0 13
6 7 8 3 1 0 3 0 0 3
0 B 9 8 0 1 8 0 0 13
8 3 8 F 0 1 F 0 0 13
D B 1 C 1 0 3 0 0 3
E E 8 B 0 1 E 0 0 13
A 0 6 8 1 1 F8 0 0 13
6 0 0 4 1 0 4 0 0 3
B 5 9 4 0 1 4 0 0 13
6 9 6 4 0 1 5 0 0 13
5 A 8 D 0 0 D 0 0 3
8 3 4 6 0 0 7 0 0 3
3 B 8 3 0 0 3 0 0 3
2 5 0 7 0 0 11 0 0 3
E 9 9 8 1 1 F8 0 0 13
B 1 8 8 0 0 8 0 0 3
B B 6 E 0 0 F 0 0 3
3 B 9 4 1 1 4 0 0 13
1 A 5 8 0 0 8 0 0 3
0 6 0 4 0 0 4 0 0 3
B 8 3 9 1 1 FD 0 0 13
E 0 4 2 0 1 2 0 0 13
1 3 4 B 1 1 FB 0 0 13
6 7 5 D 0 1 E 0 0 13
1 3 9 A 1 0 FA 0 0 3
6 7 1 4 0 1 2E 0 0 13
7 B 7 8 0 1 9 0 0 13
7 D D 1 0 1 1 0 0 13
6 6 A C 1 0 FC 0 0 3
E 0 8 6 1 0 6 0 0 3
2 F 8 3 0 0 3 0 0 3
A 2 9 E 0 0 E 0 0 3
B 2 7 A 1 1 FA 0 0 13
0 0 E 6 0 0 6 0 0 3
C 7 4 5 0 0 A 0 0 3
A 4 9 8 1 1 F8 0 0 13
7 3 7 B 0 0 B 0 0 3
E 9 0 8 1 0 6 0 0 3
7 A E C 0 0 C 0 0 3
A D 2 7 1 0 B 0 0 3
3 1 0 4 0 1 0 1 0 3
E 3 4 3 1 0 3 0 0 3
3 A 4 B 0 1 C 0 0 13
6 C 1 D 1 1 E5 0 0 13
8 D 3 E 0 1 19 0 0 13
7 4 8 F 1 0 FF 0 0 3
9 A 9 5 1 1 5 0 0 13
8 F 0 8 0 0 80 0 0 3
9 B B 4 1 0 4 0 0 3
B B 9 1 1 0 1 0 0 3
E 1 9 E 0 1 E 0 0 13
8 3 E B 0 0 B 0 0 3
2 7 4 5 1 1 5 0 0 13
A F 0 E 1 1 0 1 0 3
8 2 2 5 0 0 9 0 0 3
F 1 9 7 0 1 7 0 0 13
6 8 0 3 0 0 33 0 0 3
8 C 6 D 0 0 E 0 0 3
8 D A 1 1 1 1 0 0 13
F F 9 E 1 1 FE 0 0 13
F 5 7 A 0 1 B 0 0 13
5 4 C 8 1 1 F8 0 0 13
F 3 3 B 0 1 10 0 0 13
5 1 A 3 0 0 3 0 0 3
1 8 8 E 0 1 E 0 0 13
A 2 9 E 1 0 FE 0 0 3
0 2 C F 1 1 FF 0 0 13
2 4 4 C 1 1 FC 0 0 13
3 1 4 5 1 0 5 0 0 3
D 2 3 F 1 1 FF 0 0 13
F 3 7 B 0 0 B 0 0 3
2 9 2 4 0 0 8 0 0 3
F 1 4 6 0 1 6 0 0 13
2 4 0 C 1 0 4 0 0 3
3 3 E E 0 1 E 0 0 13
D E 9 4 0 0 4 0 0 3
5 1 3 5 1 0 5 0 0 3
E B 8 5 0 0 5 0 0 3
B A 6 6 0 1 9 0 0 13
9 C 1 6 1 0 14 0 0 3
3 6 9 4 0 1 4 0 0 13
6 D 0 E 1 1 0 1 0 3
8 D 1 F 0 0 43 0 0 3
B 0 5 7 0 0 7 0 0 3
E 2 8 5 0 0 5 0 0 3
4 4 5 2 1 0 2 0 0 3
3 7 8 2 0 0 2 0 0 3
4 3 9 0 1 1 0 0 0 13
5 4 2 E 1 1 3 0 0 13
0 8 A D 1 0 FD 0 0 3
7 B 6 8 1 1 F8 0 0 13
1 B 6 E 1 0 FE 0 0 3
7 4 D 2 1 0 2 0 0 3
7 2 1 E 1 1 C 0 0 13
7 1 D C 0 0 C 0 0 3
6 2 F E 0 0 E 0 0 3
B 1 7 F 0 0 F 0 0 3
9 9 8 6 1 0 6 0 0 3
9 1 A 8 1 1 F8 0 0 13
9 F 2 5 0 1 26 0 0 13
F 8 6 F 0 1 12 0 0 13
A 2 6 F 1 1 FF 0 0 13
F 7 1 8 1 1 F1 0 0 13
9 F 3 3 0 1 12 0 0 13
1 4 E 6 0 0 6 0 0 3
5 C 0 D 1 1 0 1 0 3
9 3 1 2 1 0 F8 0 0 3
E 5 2 B 0 1 1C 0 0 13
2 C 0 1 1 0 F9 0 0 3
B C 1 3 1 0 D 0 0 3
6 2 A 8 0 0 8 0 0 3
0 F F E 1 1 FE 0 0 13
B 8 5 6 1 0 7 0 0 3
6 0 2 4 1 0 4 0 0 3
8 9 4 C 0 0 10 0 0 3
1 6 E 4 1 1 4 0 0 13
9 1 7 4 1 1 4 0 0 13
9 6 2 3 1 1 F9 0 0 13
4 D 9 B 0 0 B 0 0 3
9 3 4 2 0 0 3 0 0 3
7 6 1 D 0 1 37 0 0 13
7 0 6 D 0 0 D 0 0 3
A 7 1 7 0 0 2A 0 0 3
F 2 9 F 0 0 F 0 0 3
8 5 8 5 0 0 5 0 0 3
6 F 1 9 0 1 63 0 0 13
3 1 7 3 0 1 3 0 0 13
1 8 5 5 0 0 5 0 0 3
2 3 9 9 1 1 F9 0 0 13
E 3 1 3 1 0 0 0 0 3
6 1 7 1 0 1 1 0 0 13
B 2 6 9 0 0 9 0 0 3
E D B 3 0 0 3 0 0 3
E 2 9 C 0 0 C 0 0 3
A E 9 3 1 1 3 0 0 13
D D B F 0 1 10 0 0 13
4 5 D 6 0 0 6 0 0 3
E 8 1 6 1 1 16 0 0 13
5 A 7 3 1 1 3 0 0 13
5 B 3 7 0 1 D 0 0 13
0 D 8 2 1 1 2 0 0 13
B 3 C 8 0 1 8 0 0 13
D A 4 D 0 1 15 0 0 13
3 6 5 0 0 1 0 0 0 13
9 5 1 0 0 0 16 0 0 3
3 2 1 A 0 0 D 0 0 3
6 B 5 8 1 0 F8 0 0 3
3 1 1 B 1 0 FC 0 0 3
D 3 1 8 1 0 F4 0 0 3
7 C F B 1 0 FB 0 0 3
D C E 0 0 1 0 0 0 13
C 2 D F 1 0 FF 0 0 3
D D 3 A 1 0 FB 0 0 3
3 C 7 1 1 1 1 0 0 13
7 1 1 C 0 1 13 0 0 13
7 B 3 3 1 0 FF 0 0 3
4 2 0 0 0 0 8 0 0 3
6 1 8 0 0 1 0 0 0 13
1 0 7 1 1 1 1 0 0 13
1 7 0 E 0 0 15 0 0 3
7 8 6 6 1 0 6 0 0 3
C 2 1 7 0 0 13 0 0 3
A 8 B 4 0 1 4 0 0 13
B F 7 8 0 0 9 0 0 3
0 A A 9 0 1 9 0 0 13
F 7 B 8 1 1 F8 0 0 13
6 B 1 D 0 1 4F 0 0 13
9 D 3 4 1 0 6 0 0 3
0 B 0 5 0 0 5 0 0 3
0 D 5 9 1 0 F9 0 0 3
D 9 5 7 1 1 7 0 0 13
1 8 9 3 0 1 3 0 0 13
0 9 4 6 1 1 6 0 0 13
E 9 4 9 0 1 10 0 0 13
E 5 A C 1 0 FC 0 0 3
1 4 4 E 0 0 E 0 0 3
5 7 E 1 0 1 1 0 0 13
2 C 0 B 1 0 F3 0 0 3
F 2 7 C 1 0 FC 0 0 3
3 1 9 D 0 1 D 0 0 13
A D E 3 0 0 3 0 0 3
F B 6 7 1 1 7 0 0 13
B E 4 4 1 0 4 0 0 3
F 1 2 8 1 0 F8 0 0 3
7 2 3 B 0 1 C 0 0 13
F C 4 F 1 0 FF 0 0 3
4 7 9 1 0 1 1 0 0 13
A F E 0 0 1 0 0 0 13
D 9 8 0 0 0 0 0 0 3
0 B 2 8 0 0 8 0 0 3
A 5 0 F 0 1 0 1 0 3
E 4 9 3 0 0 3 0 0 3
9 D 5 6 0 1 A 0 0 13
3 7 5 1 1 0 1 0 0 3
2 0 4 7 1 0 7 0 0 3
B 6 2 0 1 0 F9 0 0 3
4 E F C 1 1 FC 0 0 13
E 8 D 9 1 0 F9 0 0 3
A 7 6 7 0 0 8 0 0 3
4 2 1 E 0 1 16 0 0 13
A 7 5 B 1 1 FA 0 0 13
A 3 7 C 1 0 FC 0 0 3
3 5 0 B 0 1 0 1 0 3
B 7 3 D 1 0 F9 0 0 3
A 1 5 1 1 1 1 0 0 13
0 F 4 1 1 0 1 0 0 3
8 E 3 F 1 1 0 0 0 13
4 4 4 F 0 1 10 0 0 13
6 5 7 4 0 1 4 0 0 13
D 9 A E 0 0 E 0 0 3
2 5 3 2 1 1 3 0 0 13
D 6 0 A 1 1 0 1 0 3
5 D 5 0 1 1 0 0 0 13
9 6 1 A 1 1 D0 0 0 13
9 8 1 0 1 1 38 0 0 13
3 7 D 6 0 1 6 0 0 13
3 C 2 3 0 0 C 0 0 3
B 7 D D 0 0 D 0 0 3
4 B 5 E 0 1 F 0 0 13
9 2 B 7 0 0 7 0 0 3
E 6 0 B 1 0 EF 0 0 3
A 1 F D 0 1 D 0 0 13
4 8 4 5 0 0 7 0 0 3
6 C 0 4 0 1 0 1 0 3
B 6 4 D 0 1 11 0 0 13
F 6 2 1 0 0 17 0 0 3
3 1 3 E 1 1 FE 0 0 13
7 A 3 A 1 0 F5 0 0 3
3 6 8 3 1 1 3 0 0 13
6 2 9 1 0 1 1 0 0 13
6 8 7 5 0 1 5 0 0 13
2 C 6 9 1 1 F9 0 0 13
5 2 8 0 1 1 0 0 0 13
A C B D 0 1 D 0 0 13
3 8 A B 0 0 B 0 0 3
2 5 7 9 0 0 9 0 0 3
D 7 2 D 0 1 23 0 0 13
C 7 1 A 0 0 34 0 0 3
7 F E C 0 1 C 0 0 13
5 F 5 D 1 1 FD 0 0 13
C C 3 8 1 1 F9 0 0 13
3 D 8 B 0 0 B 0 0 3
C 4 1 0 0 0 18 0 0 3
5 2 3 C 0 1 D 0 0 13
C F 0 1 0 0 B5 0 0 3
D 8 1 B 0 1 73 0 0 13
1 D 1 5 1 1 2 0 0 13
A B 4 A 1 1 FB 0 0 13
0 8 0 9 1 1 0 1 0 3
C C 2 A 0 1 2E 0 0 13
F 5 2 9 1 0 F8 0 0 3
3 2 8 2 1 1 2 0 0 13
F D 6 1 1 0 1 0 0 3
D 0 2 4 1 1 4 0 0 13
6 4 1 5 0 0 11 0 0 3
E 5 9 5 0 0 5 0 0 3
2 2 8 4 1 1 4 0 0 13
6 A 4 7 0 0 A 0 0 3
2 8 2 D 0 0 11 0 0 3
3 C 4 5 0 1 7 0 0 13
0 B 0 E 1 1 0 1 0 3
A 8 3 4 1 0 A 0 0 3
7 B 0 3 1 1 0 1 0 3
C 1 C 9 0 0 9 0 0 3
2 0 3 B 0 0 B 0 0 3
D E 5 5 1 0 5 0 0 3
8 1 F A 1 1 FA 0 0 13
4 E 6 C 1 0 FC 0 0 3
C D D 8 1 0 F8 0 0 3
3 1 2 A 1 0 FA 0 0 3
2 1 5 E 0 1 E 0 0 13
5 5 2 5 1 1 B 0 0 13
8 F 9 2 1 1 2 0 0 13
D A 4 3 1 0 4 0 0 3
B 0 8 3 0 0 3 0 0 3
E 2 E 7 1 1 7 0 0 13
0 4 C C 0 0 C 0 0 3
4 8 8 2 0 0 2 0 0 3
C 7 7 5 0 0 5 0 0 3
B E 4 B 0 1 14 0 0 13
8 2 E 1 1 0 1 0 0 3
D 5 D C 0 0 C 0 0 3
7 E 3 7 0 0 13 0 0 3
B 8 4 E 1 0 0 0 0 3
0 9 C E 0 1 E 0 0 13
0 5 E 7 0 1 7 0 0 13
4 9 5 9 1 1 F8 0 0 13
0 3 A 4 0 0 4 0 0 3
C 5 7 2 1 0 2 0 0 3
C 6 C E 1 1 FE 0 0 13
B D B 6 0 1 7 0 0 13
3 6 2 6 0 1 A 0 0 13
0 D 7 9 0 0 9 0 0 3
2 D 4 E 1 0 FE 0 0 3
F 2 7 A 0 0 A 0 0 3
7 2 3 5 1 1 6 0 0 13
3 F 1 3 1 1 0 0 0 13
B 5 2 E 0 1 1B 0 0 13
1 7 6 1 1 1 1 0 0 13
3 2 5 2 0 1 2 0 0 13
8 B 2 D 0 0 23 0 0 3
1 F B 2 0 0 2 0 0 3
F 5 0 2 0 1 0 1 0 3
6 2 6 E 1 0 FE 0 0 3
3 8 E 3 0 0 3 0 0 3
A 2 6 7 0 0 7 0 0 3
8 1 4 E 1 1 FE 0 0 13
6 8 5 4 1 0 3 0 0 3
7 9 6 5 1 1 4 0 0 13
5 C 1 5 0 0 23 0 0 3
D D 8 7 1 0 7 0 0 3
A 6 4 2 1 0 0 0 0 3
6 A 0 3 0 1 0 1 0 3
C 5 0 4 0 1 0 1 0 3
0 A 9 B 1 0 FB 0 0 3
9 5 0 B 0 1 0 1 0 3
7 3 9 4 1 0 4 0 0 3
A F 3 0 0 0 12 0 0 3
7 5 7 5 0 0 5 0 0 3
B 1 1 8 1 1 F3 0 0 13
2 F 9 9 1 0 F9 0 0 3
F E 9 9 0 0 9 0 0 3
A 4 C 7 1 1 7 0 0 13
B 8 7 8 0 0 8 0 0 3
C 1 8 3 0 0 3 0 0 3
1 3 3 D 0 1 D 0 0 13
0 4 7 B 1 1 FB 0 0 13
7 9 E E 0 1 E 0 0 13
1 3 5 C 0 0 C 0 0 3
8 A 7 9 0 0 9 0 0 3
5 7 5 8 1 0 F9 0 0 3
1 A 8 3 1 0 3 0 0 3
9 7 8 6 0 1 6 0 0 13
8 F 6 5 1 1 5 0 0 13
5 9 8 6 0 0 6 0 0 3
4 F 7 2 1 1 2 0 0 13
7 1 7 5 1 0 5 0 0 3
9 3 4 5 0 0 6 0 0 3
B E C 3 1 0 3 0 0 3
A 9 8 9 1 1 F9 0 0 13
5 E 6 6 0 1 7 0 0 13
7 7 7 3 1 0 3 0 0 3
A 2 B 6 1 0 6 0 0 3
A D 1 8 1 0 1 0 0 3
1 F C 1 0 0 1 0 0 3
C F 7 6 1 0 6 0 0 3
C E 2 9 1 1 FB 0 0 13
E B 6 5 0 0 7 0 0 3
0 0 8 7 0 1 7 0 0 13
A F E 9 0 0 9 0 0 3
9 F D C 1 0 FC 0 0 3
B E 2 9 0 0 2F 0 0 3
6 A 4 5 1 0 3 0 0 3
F 3 1 9 0 0 1F 0 0 3
A D 8 3 1 0 3 0 0 3
E 6 2 8 0 0 1D 0 0 3
B D 2 9 0 0 2C 0 0 3
4 4 1 7 0 0 F 0 0 3
3 0 1 9 1 1 F9 0 0 13
6 9 9 5 0 1 5 0 0 13
D F 8 0 0 1 3 0 0 13
8 D 6 3 1 1 3 0 0 13
1 7 E 8 0 1 8 0 0 13
9 9 7 A 0 1 B 0 0 13
2 C 8 4 1 1 4 0 0 13
3 0 9 2 0 0 2 0 0 3
9 7 1 D 0 0 2C 0 0 3
1 5 6 2 0 1 2 0 0 13
8 E 0 F 1 0 F 0 0 3
D 1 C 1 0 1 1 0 0 13
9 F 7 0 0 1 2 0 0 13
8 F 0 7 0 0 7F 0 0 3
7 8 1 6 1 0 EA 0 0 3
F 8 5 B 1 0 FB 0 0 3
E 1 4 E 1 1 FE 0 0 13
0 2 1 F 0 0 F 0 0 3
4 4 5 2 1 0 2 0 0 3
6 7 0 6 1 0 30 0 0 3
7 7 B 3 1 0 3 0 0 3
1 6 5 4 0 0 4 0 0 3
8 8 4 B 1 0 FF 0 0 3
1 3 8 5 0 0 5 0 0 3
C E 9 8 0 1 A 0 0 13
A 6 4 0 1 0 FE 0 0 3
2 B 3 E 1 1 FD 0 0 13
6 E 8 9 0 1 A 0 0 13
5 2 0 F 0 1 0 1 0 3
7 4 4 2 0 0 3 0 0 3
A 6 6 E 0 1 F 0 0 13
C D 5 C 0 1 12 0 0 13
8 0 7 8 0 0 8 0 0 3
9 A D D 1 1 FD 0 0 13
2 7 9 2 0 1 2 0 0 13
A 2 0 1 1 0 F5 0 0 3
7 A 4 E 1 1 FC 0 0 13
4 5 8 4 0 0 4 0 0 3
B 5 7 2 1 0 2 0 0 3
F C E 3 1 0 3 0 0 3
B 6 3 6 0 1 D 0 0 13
0 1 B F 1 1 FF 0 0 13
D 1 E D 1 0 FD 0 0 3
4 5 2 E 0 0 13 0 0 3
1 D 7 7 1 0 7 0 0 3
D A 3 3 0 0 13 0 0 3
F 1 2 F 1 1 FF 0 0 13
6 6 0 1 1 0 25 0 0 3
C B 2 8 0 1 29 0 0 13
2 5 5 C 1 1 FC 0 0 13
E B C D 1 0 FD 0 0 3
C 6 3 0 0 0 9 0 0 3
9 6 A 2 1 1 2 0 0 13
0 7 7 B 0 0 B 0 0 3
1 E 3 7 1 0 7 0 0 3
2 4 9 5 1 0 5 0 0 3
1 1 1 0 0 1 1 0 0 13
4 8 6 2 1 1 2 0 0 13
B 1 2 1 1 1 0 0 0 13
5 0 A D 1 0 FD 0 0 3
6 F 9 E 0 1 F 0 0 13
9 3 6 7 0 0 7 0 0 3
E F 7 4 1 1 4 0 0 13
B 2 D D 1 0 FD 0 0 3
4 0 C 7 0 0 7 0 0 3
6 1 0 E 1 1 0 1 0 3
C E 6 E 1 1 FE 0 0 13
C F C 8 0 1 9 0 0 13
1 9 1 4 1 0 1 0 0 3
2 8 7 5 1 0 5 0 0 3
1 8 5 6 0 0 6 0 0 3
1 7 1 6 1 1 D 0 0 13
5 F 3 C 0 1 14 0 0 13
E 1 6 0 0 1 0 0 0 13
E 5 7 C 0 1 D 0 0 13
B 7 1 E 0 0 34 0 0 3
A 7 A 6 0 0 6 0 0 3
4 3 4 D 1 1 FD 0 0 13
1 A 3 F 1 1 FF 0 0 13
2 7 2 D 1 0 0 0 0 3
6 6 9 F 0 1 F 0 0 13
5 3 0 1 0 1 0 1 0 3
6 A 9 C 0 0 C 0 0 3
A 2 E F 1 0 FF 0 0 3
E 9 3 B 0 1 19 0 0 13
D C 8 3 1 1 3 0 0 13
2 2 6 D 1 1 FD 0 0 13
8 4 F 0 0 1 0 0 0 13
2 D 1 1 1 0 FE 0 0 3
C 2 D 4 0 1 4 0 0 13
A B 8 3 1 0 3 0 0 3
A C 7 E 0 0 E 0 0 3
7 4 8 0 0 1 0 0 0 13
B 0 8 5 1 0 5 0 0 3
3 E D 1 1 0 1 0 0 3
D 9 A 6 0 0 6 0 0 3
9 3 D 9 0 0 9 0 0 3
3 B 6 A 0 0 A 0 0 3
D 3 5 C 1 0 FC 0 0 3
6 4 4 C 0 0 D 0 0 3
D 1 3 4 0 1 5 0 0 13
B 8 7 D 0 1 E 0 0 13
5 5 8 F 0 0 F 0 0 3
E 1 8 E 0 0 E 0 0 3
C 4 7 9 0 0 9 0 0 3
5 E 7 C 1 0 FC 0 0 3
A B 2 1 0 0 1C 0 0 3
C A 3 E 1 1 0 0 0 13
E 3 9 E 0 1 E 0 0 13
C A 0 7 1 0 1F 0 0 3
F 3 6 D 1 0 FD 0 0 3
3 7 C 1 1 1 1 0 0 13
1 4 1 0 0 1 4 0 0 13
3 E 1 7 1 0 4 0 0 3
4 6 E 9 0 0 9 0 0 3
F D 9 F 0 0 F 0 0 3
F E 0 4 0 0 D6 0 0 3
C 6 3 6 1 1 4 0 0 13
A 2 4 B 1 0 FB 0 0 3
E F C E 0 1 F 0 0 13
B 5 8 E 0 0 E 0 0 3
A A 5 3 1 0 4 0 0 3
6 E 9 B 1 1 FB 0 0 13
7 C 1 7 0 0 31 0 0 3
F 1 5 4 1 0 4 0 0 3
2 E 8 F 0 0 F 0 0 3
B 6 0 A 1 1 0 1 0 3
1 1 4 0 0 1 0 0 0 13
1 E 8 D 0 1 D 0 0 13
1 5 2 1 0 0 2 0 0 3
E F A 4 1 1 4 0 0 13
4 8 F 6 0 0 6 0 0 3
A F 7 B 1 0 FB 0 0 3
2 9 E 9 1 0 F9 0 0 3
C B E C 0 0 C 0 0 3
8 2 7 C 0 1 C 0 0 13
0 9 3 A 1 1 FA 0 0 13
F 9 2 A 0 0 2B 0 0 3
3 7 2 1 1 1 6 0 0 13
2 F F E 0 1 E 0 0 13
B D 1 5 1 0 C 0 0 3
F 5 8 A 0 1 B 0 0 13
5 B 7 1 0 1 2 0 0 13
C D 0 4 1 0 10 0 0 3
7 B 2 C 0 0 1F 0 0 3
B 1 7 F 0 1 F 0 0 13
1 E 5 0 0 1 0 0 0 13
E 8 4 9 1 0 FA 0 0 3
1 7 6 E 1 1 FE 0 0 13
6 2 7 B 1 0 FB 0 0 3
C 2 A 1 1 1 1 0 0 13
6 D 9 C 0 0 C 0 0 3
D 4 9 D 1 0 FD 0 0 3
2 2 0 1 1 1 0 1 0 3
9 2 7 6 0 0 6 0 0 3
C 7 2 1 0 1 16 0 0 13
6 F 8 7 1 1 7 0 0 13
8 2 7 A 0 0 A 0 0 3
C 7 E D 1 0 FD 0 0 3
4 0 2 4 0 1 4 0 0 13
9 6 C 6 0 1 6 0 0 13
E F F B 0 1 B 0 0 13
2 E B 7 1 1 7 0 0 13
D 5 6 E 1 1 FE 0 0 13
3 3 7 A 1 1 FA 0 0 13
E E 8 A 1 1 FA 0 0 13
8 D 0 B 0 1 0 1 0 3
6 8 1 9 0 0 21 0 0 3
7 9 2 1 0 1 10 0 0 13
D 1 4 E 0 0 E 0 0 3
1 8 6 7 1 1 7 0 0 13
6 1 7 F 1 1 FF 0 0 13
F C 5 0 1 1 0 0 0 13
F 7 1 8 0 1 71 0 0 13
0 D 1 A 0 0 A 0 0 3
C A 3 4 0 1 11 0 0 13
6 B 3 A 1 1 F7 0 0 13
E 4 4 E 1 1 FE 0 0 13
4 7 2 F 1 1 6 0 0 13
5 5 6 5 1 0 5 0 0 3
E 7 0 F 1 1 0 1 0 3
1 B 1 1 1 0 FF 0 0 3
6 8 7 A 0 0 A 0 0 3
C 9 8 8 0 0 8 0 0 3
C 6 A 7 1 0 7 0 0 3
4 E C 2 1 0 2 0 0 3
D 2 6 0 1 0 0 0 0 3
5 B E 4 0 0 4 0 0 3
8 1 5 E 0 0 E 0 0 3
D D 5 4 1 0 4 0 0 3
3 4 9 A 1 1 FA 0 0 13
A C 4 8 1 0 F9 0 0 3
4 A 2 2 1 1 FC 0 0 13
A D 0 E 0 0 90 0 0 3
B B 4 2 1 1 3 0 0 13
C 8 3 D 1 1 0 0 0 13
B 8 8 7 0 1 8 0 0 13
1 1 9 1 0 1 1 0 0 13
0 D 1 6 1 0 6 0 0 3
E C 4 C 1 0 FC 0 0 3
3 8 5 0 1 0 0 0 0 3
C E 6 F 0 0 11 0 0 3
6 8 F F 1 0 FF 0 0 3
1 2 0 2 0 1 0 1 0 3
6 E 3 2 1 1 1 0 0 13
D A 4 D 1 0 FE 0 0 3
A 6 D F 0 1 F 0 0 13
F 2 2 6 0 0 D 0 0 3
8 4 1 4 1 0 F4 0 0 3
2 6 7 D 1 0 FD 0 0 3
F D 9 5 0 1 7 0 0 13
A 4 7 F 1 0 FF 0 0 3
D D 4 D 1 1 FD 0 0 13
A 4 0 7 0 1 0 1 0 3
5 1 0 2 1 0 7 0 0 3
4 8 1 5 1 0 F5 0 0 3
7 9 6 0 0 0 0 0 0 3
A 8 3 4 0 0 E 0 0 3
9 6 5 F 1 1 FE 0 0 13
A 6 0 2 0 0 3E 0 0 3
C 4 D D 1 0 FD 0 0 3
7 F 4 2 1 0 2 0 0 3
6 E 0 1 1 0 F5 0 0 3
5 8 F 6 0 0 6 0 0 3
F 3 4 A 0 1 C 0 0 13
C C 5 D 0 1 12 0 0 13
6 F B B 1 0 FB 0 0 3
B 4 5 5 1 1 5 0 0 13
7 9 8 1 1 1 1 0 0 13
7 2 E F 1 0 FF 0 0 3
7 F B B 1 0 FB 0 0 3
E 0 8 0 1 0 0 0 0 3
E 3 2 D 0 0 17 0 0 3
0 B 7 F 0 1 F 0 0 13
5 2 9 6 1 1 6 0 0 13
B B 5 B 0 1 F 0 0 13
2 D 2 E 1 0 FD 0 0 3
0 B 4 A 0 1 A 0 0 13
D 5 1 C 0 1 4D 0 0 13
3 D 3 2 0 1 6 0 0 13
7 4 0 7 1 0 23 0 0 3
9 3 0 C 0 0 27 0 0 3
6 E 1 A 1 1 EE 0 0 13
A F F 4 1 1 4 0 0 13
C A 5 A 1 1 FA 0 0 13
6 6 3 F 1 1 3 0 0 13
E B 6 F 0 1 13 0 0 13
B 3 9 4 0 1 4 0 0 13
C E F 8 1 1 F8 0 0 13
5 B D 3 0 0 3 0 0 3
0 A 0 F 0 1 0 1 0 3
F D 5 7 1 0 7 0 0 3
D 2 E 1 0 0 1 0 0 3
0 3 7 D 1 0 FD 0 0 3
6 2 7 7 1 0 7 0 0 3
0 4 6 F 1 1 FF 0 0 13
7 5 9 5 1 0 5 0 0 3
3 3 9 A 1 1 FA 0 0 13
D E 4 1 0 1 C 0 0 13
6 2 1 A 0 0 10 0 0 3
B 7 8 2 1 1 2 0 0 13
4 E 9 8 1 0 F8 0 0 3
3 5 C 3 1 1 3 0 0 13
5 5 6 D 0 1 D 0 0 13
F 6 5 6 1 0 6 0 0 3
4 0 5 A 0 0 A 0 0 3
D A 2 8 1 0 FC 0 0 3
F 5 9 E 0 1 E 0 0 13
B D D C 0 0 C 0 0 3
2 C 9 9 1 1 F9 0 0 13
8 7 F 9 0 1 9 0 0 13
E 6 1 8 1 0 F2 0 0 3
0 B 3 D 1 0 FD 0 0 3
5 7 4 8 0 1 A 0 0 13
2 7 6 8 1 0 F8 0 0 3
8 6 5 E 1 0 FD 0 0 3
0 D 5 F 0 1 F 0 0 13
9 E 8 5 1 1 5 0 0 13
F 1 2 6 1 1 6 0 0 13
6 A 7 2 0 1 3 0 0 13
D 0 3 7 1 1 7 0 0 13
E 7 3 7 1 1 6 0 0 13
5 D 3 D 0 0 15 0 0 3
E 1 9 D 0 0 D 0 0 3
D 9 1 3 1 1 18 0 0 13
A B 0 8 1 1 0 1 0 3
E 2 9 8 0 0 8 0 0 3
8 7 D 4 1 1 4 0 0 13
4 5 2 8 0 0 D 0 0 3
6 9 7 6 0 1 7 0 0 13
C C C F 0 1 10 0 0 13
6 D 4 C 1 1 FB 0 0 13
F 1 0 E 1 1 0 1 0 3
5 9 9 0 0 1 0 0 0 13
0 3 7 A 1 1 FA 0 0 13
A 6 1 7 1 1 E3 0 0 13
C 4 C 6 1 0 6 0 0 3
0 E 4 B 1 0 FB 0 0 3
0 0 6 4 0 0 4 0 0 3
1 9 4 C 0 1 C 0 0 13
1 E 0 C 0 1 0 1 0 3
2 D 1 D 0 1 27 0 0 13
0 4 6 1 0 1 1 0 0 13
A C 6 B 1 1 FB 0 0 13
1 F F 9 1 1 F9 0 0 13
6 6 9 1 0 0 1 0 0 3
C 7 A E 0 1 E 0 0 13
1 3 7 7 0 1 7 0 0 13
F E B 7 0 1 8 0 0 13
D C 5 2 1 1 2 0 0 13
E 2 4 5 1 1 5 0 0 13
8 E 8 2 0 0 2 0 0 3
7 6 4 9 0 0 B 0 0 3
5 7 2 3 0 0 B 0 0 3
3 4 9 B 1 1 FB 0 0 13
D 6 0 C 1 0 EA 0 0 3
E E 3 3 1 0 3 0 0 3
5 F 5 5 0 0 7 0 0 3
5 7 B 1 0 1 1 0 0 13
0 2 F 4 1 1 4 0 0 13
4 9 8 E 1 1 FE 0 0 13
D 2 9 A 1 0 FA 0 0 3
1 8 6 4 0 1 4 0 0 13
5 9 9 1 1 0 1 0 0 3
1 0 7 3 0 0 3 0 0 3
2 3 4 8 1 0 F8 0 0 3
B 9 1 D 0 1 70 0 0 13
9 C 3 D 1 0 0 0 0 3
1 0 3 9 1 0 F9 0 0 3
D 9 4 2 0 0 9 0 0 3
A 5 5 9 0 1 B 0 0 13
F A 1 6 1 1 C 0 0 13
4 4 1 A 0 1 1A 0 0 13
D 0 C F 0 1 F 0 0 13
C 5 C 0 0 0 0 0 0 3
D F 2 6 0 0 36 0 0 3
F E 3 3 0 1 1A 0 0 13
6 4 9 F 0 0 F 0 0 3
0 5 1 4 0 1 4 0 0 13
1 D 5 7 1 1 7 0 0 13
D 4 E 2 1 0 2 0 0 3
A B 6 4 1 1 4 0 0 13
3 5 D 4 0 1 4 0 0 13
B B F 2 1 0 2 0 0 3
C 5 0 7 0 0 43 0 0 3
8 1 6 C 1 0 FC 0 0 3
A B E C 1 1 FC 0 0 13
5 4 4 8 0 0 9 0 0 3
A B 5 E 0 0 11 0 0 3
B A 7 6 1 1 6 0 0 13
2 D 9 0 0 1 0 0 0 13
3 5 7 7 1 1 7 0 0 13
7 E 8 8 0 0 8 0 0 3
9 C 5 5 0 1 9 0 0 13
3 B 0 A 0 1 0 1 0 3
2 5 3 2 1 0 3 0 0 3
8 9 1 A 1 0 16 0 0 3
A 7 4 4 0 0 8 0 0 3
E F 2 8 1 1 F8 0 0 13
D 7 2 9 1 1 F4 0 0 13
2 3 9 D 1 0 FD 0 0 3
5 9 1 B 0 0 21 0 0 3
F 4 0 2 0 1 0 1 0 3
A A 9 7 1 1 7 0 0 13
3 F 6 B 0 1 C 0 0 13
8 C E 2 1 0 2 0 0 3
3 C 8 A 0 1 A 0 0 13
2 2 B D 0 0 D 0 0 3
C F 1 A 1 1 FE 0 0 13
A E 9 A 1 0 FA 0 0 3
4 C D B 1 1 FB 0 0 13
6 C E 4 0 1 4 0 0 13
3 7 C B 0 1 B 0 0 13
E 9 4 6 1 0 6 0 0 3
9 E 6 F 0 1 12 0 0 13
4 8 6 3 1 0 3 0 0 3
F E 2 0 1 0 0 0 0 3
7 2 0 0 1 0 E 0 0 3
0 7 8 1 0 1 1 0 0 13
6 A 8 4 1 0 4 0 0 3
8 6 1 9 1 1 C9 0 0 13
8 6 2 A 1 0 EE 0 0 3
F 8 E 7 0 1 7 0 0 13
9 1 7 4 1 1 4 0 0 13
4 9 7 D 1 1 FD 0 0 13
3 E 7 C 0 1 C 0 0 13
9 2 4 E 1 0 FE 0 0 3
0 9 8 D 1 0 FD 0 0 3
1 6 B B 1 1 FB 0 0 13
C 8 F 2 0 0 2 0 0 3
7 8 1 0 0 1 38 0 0 13
C F F 4 1 1 4 0 0 13
A 8 5 5 1 1 6 0 0 13
C A 9 0 1 1 0 0 0 13
E E 6 1 1 1 1 0 0 13
9 B 1 B 0 0 3C 0 0 3
0 6 4 F 0 1 F 0 0 13
5 F C 6 1 0 6 0 0 3
B 0 4 0 0 0 0 0 0 3
2 6 1 1 0 0 7 0 0 3
9 F 5 4 0 1 9 0 0 13
A E 4 9 1 0 F9 0 0 3
2 E 2 4 0 1 B 0 0 13
D 2 3 5 1 0 5 0 0 3
0 D B 7 1 0 7 0 0 3
9 2 7 6 0 0 6 0 0 3
6 0 1 9 1 1 F9 0 0 13
9 9 9 0 0 0 0 0 0 3
4 3 2 8 0 0 B 0 0 3
8 8 0 B 0 0 4B 0 0 3
6 7 7 5 1 0 5 0 0 3
D E 6 D 0 1 12 0 0 13
5 F 4 6 1 1 6 0 0 13
A 5 0 A 1 0 DC 0 0 3
4 5 0 D 0 0 21 0 0 3
E E 7 E 0 1 12 0 0 13
4 9 8 0 0 0 0 0 0 3
A B 1 3 1 0 12 0 0 3
A C B D 1 0 FD 0 0 3
D B 5 8 1 0 F8 0 0 3
D 9 B 0 1 1 0 0 0 13
E 7 B D 1 1 FD 0 0 13
C 2 1 0 0 1 18 0 0 13
1 9 E B 0 0 B 0 0 3
A F 9 0 1 1 0 0 0 13
F C 7 D 1 1 FD 0 0 13
0 6 D D 1 0 FD 0 0 3
3 2 6 2 1 0 2 0 0 3
8 1 8 D 0 1 D 0 0 13
E 4 3 B 1 1 FB 0 0 13
E 2 2 4 1 0 3 0 0 3
F B 1 2 1 1 7 0 0 13
6 0 8 F 1 1 FF 0 0 13
5 7 F 5 1 1 5 0 0 13
8 A 2 D 0 0 21 0 0 3
9 6 7 6 0 0 6 0 0 3
6 1 6 D 1 1 FD 0 0 13
B 0 1 0 1 1 0 0 0 13
7 F 7 1 1 0 1 0 0 3
F C 2 9 0 0 36 0 0 3
2 3 7 7 1 1 7 0 0 13
4 7 E 9 1 0 F9 0 0 3
F B 6 0 1 1 0 0 0 13
3 0 6 1 1 0 1 0 0 3
4 C C 8 1 1 F8 0 0 13
F A 1 5 1 1 B 0 0 13
F F E A 1 0 FA 0 0 3
F E 0 6 0 1 0 1 0 3
B 0 0 3 1 0 3 0 0 3
A E B E 0 0 E 0 0 3
B E 7 A 0 0 B 0 0 3
0 3 7 F 0 0 F 0 0 3
A E D A 1 1 FA 0 0 13
2 C 5 4 1 0 4 0 0 3
C C 6 3 0 0 5 0 0 3
8 0 D 1 0 0 1 0 0 3
7 B B A 1 0 FA 0 0 3
A E 7 F 0 0 10 0 0 3
E 5 7 D 1 1 FD 0 0 13
D F 2 6 1 0 6 0 0 3
7 7 4 5 0 1 8 0 0 13
6 F 7 6 0 0 6 0 0 3
F B 2 9 1 1 FA 0 0 13
8 4 1 A 1 0 EA 0 0 3
0 4 7 2 1 1 2 0 0 13
5 7 A 9 0 0 9 0 0 3
2 1 1 E 0 0 F 0 0 3
5 F 1 D 0 1 58 0 0 13
8 5 9 D 0 0 D 0 0 3
4 F 1 7 0 1 43 0 0 13
0 B 6 F 1 1 FF 0 0 13
5 1 8 1 1 1 1 0 0 13
D 1 2 3 1 0 3 0 0 3
9 F C C 1 1 FC 0 0 13
3 7 0 0 0 1 0 1 0 3
5 1 A 0 0 1 0 0 0 13
F 8 2 D 0 0 2B 0 0 3
9 1 8 9 1 1 F9 0 0 13
F 1 1 1 0 1 10 0 0 13
4 D 3 1 1 0 0 0 0 3
E 4 0 1 1 0 F9 0 0 3
B E 0 E 0 1 0 1 0 3
7 C 7 7 1 0 7 0 0 3
8 0 2 9 0 1 9 0 0 13
7 7 1 7 1 0 1F 0 0 3
4 9 8 D 1 1 FD 0 0 13
A E 7 A 0 0 B 0 0 3
A 2 0 8 0 1 0 1 0 3
0 9 3 6 0 1 6 0 0 13
1 7 2 D 0 1 E 0 0 13
8 0 9 8 0 0 8 0 0 3
7 4 3 D 0 1 10 0 0 13
5 F D 5 0 1 5 0 0 13
5 A 9 5 1 0 5 0 0 3
1 B 3 2 0 1 3 0 0 13
D A 1 E 0 0 4F 0 0 3
2 D 2 D 0 1 13 0 0 13
7 4 8 8 0 1 8 0 0 13
3 B 4 4 1 0 4 0 0 3
F 5 F 4 1 1 4 0 0 13
4 C 2 C 0 0 18 0 0 3
7 F 2 3 1 0 2 0 0 3
0 7 3 5 1 1 5 0 0 13
1 C 7 4 1 0 4 0 0 3
0 4 7 D 1 1 FD 0 0 13
F 7 2 E 1 1 FD 0 0 13
7 3 9 B 0 0 B 0 0 3
8 F 6 0 0 1 3 0 0 13
3 B 9 3 0 0 3 0 0 3
B F 2 7 0 0 30 0 0 3
4 C 2 F 1 1 FB 0 0 13
F D 6 6 0 1 B 0 0 13
E 9 2 B 1 0 FE 0 0 3
F 5 3 B 0 0 14 0 0 3
A A 6 1 0 1 3 0 0 13
0 1 D 3 1 1 3 0 0 13
3 0 0 2 1 0 2 0 0 3
4 D F 2 0 0 2 0 0 3
7 E E E 0 1 E 0 0 13
3 E 8 F 0 0 F 0 0 3
8 D 5 B 1 0 FB 0 0 3
D 3 9 1 1 1 1 0 0 13
B E C 6 1 1 6 0 0 13
B 4 2 C 1 0 F7 0 0 3
6 2 0 9 1 0 5 0 0 3
F 0 2 1 0 1 1 0 0 13
3 5 B C 0 0 C 0 0 3
8 2 5 5 0 1 5 0 0 13
0 0 8 7 1 0 7 0 0 3
4 0 3 A 1 0 FA 0 0 3
B D 0 6 1 0 15 0 0 3
D 4 6 1 1 0 1 0 0 3
F D C 8 0 1 9 0 0 13
4 5 A 4 1 1 4 0 0 13
C A 8 1 1 1 1 0 0 13
8 0 8 3 1 1 3 0 0 13
8 2 1 9 0 1 19 0 0 13
E 6 5 B 1 1 FB 0 0 13
1 7 8 3 1 1 3 0 0 13
1 2 D 7 0 0 7 0 0 3
9 B 7 3 1 1 3 0 0 13
6 B 2 6 0 1 16 0 0 13
C E 6 6 1 0 6 0 0 3
0 1 4 5 1 1 5 0 0 13
4 4 7 7 1 1 7 0 0 13
6 E 8 1 0 1 2 0 0 13
D E 4 1 1 1 1 0 0 13
B 4 9 0 1 1 0 0 0 13
E 2 3 C 0 0 F 0 0 3
1 B A 8 0 0 8 0 0 3
5 F 1 3 0 1 4E 0 0 13
F E 6 B 0 0 E 0 0 3
A F 6 8 1 0 F8 0 0 3
E A A 9 1 1 F9 0 0 13
3 0 7 F 1 0 FF 0 0 3
A 4 7 7 1 0 7 0 0 3
9 B B A 0 1 A 0 0 13
B 2 9 C 0 0 C 0 0 3
6 4 6 0 1 1 0 0 0 13
A 3 9 F 1 1 FF 0 0 13
5 F A 3 0 0 3 0 0 3
7 F 5 E 1 1 FE 0 0 13
7 2 4 4 0 0 4 0 0 3
4 4 A 0 1 1 0 0 0 13
0 7 6 9 1 0 F9 0 0 3
8 A 7 E 1 1 FE 0 0 13
F 9 6 5 0 0 7 0 0 3
5 A 6 3 0 1 4 0 0 13
5 8 5 9 0 1 A 0 0 13
8 5 8 F 1 1 FF 0 0 13
8 0 6 3 1 0 3 0 0 3
0 D 6 8 0 1 8 0 0 13
9 B 6 A 1 0 FA 0 0 3
A D 7 6 0 0 7 0 0 3
7 E 5 1 0 1 4 0 0 13
1 A 2 B 1 0 FA 0 0 3
9 6 1 D 0 0 28 0 0 3
1 D 8 E 1 1 FE 0 0 13
F 9 0 7 0 0 8E 0 0 3
A D 9 8 1 1 F8 0 0 13
8 A 9 A 0 0 A 0 0 3
3 F 0 B 1 1 0 1 0 3
E E 8 0 0 1 3 0 0 13
D F A 2 1 1 2 0 0 13
1 F 2 5 1 1 5 0 0 13
B 8 F D 1 1 FD 0 0 13
9 A 0 8 1 0 22 0 0 3
9 8 8 4 1 0 4 0 0 3
0 1 1 7 1 1 7 0 0 13
A B 3 8 0 1 14 0 0 13
0 5 9 0 0 0 0 0 0 3
B 7 3 A 0 1 12 0 0 13
5 0 4 4 0 0 4 0 0 3
2 F 7 1 1 0 1 0 0 3
0 2 5 4 1 0 4 0 0 3
C E 9 6 1 1 6 0 0 13
C B C A 1 0 FA 0 0 3
8 4 2 3 0 1 B 0 0 13
2 7 6 E 0 1 E 0 0 13
8 9 0 6 0 0 4E 0 0 3
C C 9 0 0 0 0 0 0 3
2 0 6 7 1 1 7 0 0 13
1 F 1 0 1 0 0 0 0 3
C F 8 1 0 0 1 0 0 3
0 A 4 7 0 0 7 0 0 3
4 8 8 2 0 0 2 0 0 3
D A 1 C 0 1 8E 0 0 13
0 2 5 0 1 1 0 0 0 13
E 5 E 9 0 0 9 0 0 3
D 4 7 3 1 0 3 0 0 3
0 C D E 1 1 FE 0 0 13
B 1 6 2 1 0 2 0 0 3
7 1 7 2 0 1 2 0 0 13
D 9 A 6 0 0 6 0 0 3
9 E 2 A 1 1 FD 0 0 13
F E D 4 1 0 4 0 0 3
C 2 1 E 1 0 FA 0 0 3
9 0 7 0 0 0 0 0 0 3
7 7 1 F 1 0 17 0 0 3
1 5 B 0 0 0 0 0 0 3
C A C 4 0 0 4 0 0 3
8 8 6 1 0 1 2 0 0 13
0 3 1 5 1 0 5 0 0 3
2 D 9 E 0 1 E 0 0 13
C 2 6 7 1 1 7 0 0 13
8 7 A B 0 0 B 0 0 3
A 6 7 5 1 0 5 0 0 3
E C B 7 1 1 7 0 0 13
7 9 5 B 0 1 D 0 0 13
4 2 7 0 1 0 0 0 0 3
D 8 B 3 1 0 3 0 0 3
4 5 3 F 1 0 1 0 0 3
C C 8 2 1 0 2 0 0 3
3 D 7 A 1 1 FA 0 0 13
B 6 8 7 0 0 7 0 0 3
6 3 4 0 1 0 1 0 0 3
3 5 B D 0 1 D 0 0 13
8 A D D 1 1 FD 0 0 13
1 2 0 0 1 0 2 0 0 3
2 2 F 4 0 1 4 0 0 13
9 2 4 5 1 1 5 0 0 13
9 F 8 5 1 1 5 0 0 13
0 E 0 C 1 0 FC 0 0 3
0 A 2 B 0 1 B 0 0 13
E 6 3 E 0 1 17 0 0 13
E D 8 F 0 1 11 0 0 13
0 B 5 0 0 1 0 0 0 13
6 5 E 2 0 1 2 0 0 13
F A E 3 1 0 3 0 0 3
9 7 1 0 1 0 E8 0 0 3
C C 0 B 0 0 9B 0 0 3
9 0 2 2 1 0 2 0 0 3
5 3 5 E 0 1 E 0 0 13
B 0 7 7 0 0 7 0 0 3
2 0 0 0 0 1 0 1 0 3
1 0 7 7 0 1 7 0 0 13
1 0 1 7 1 0 7 0 0 3
F 9 9 9 0 1 A 0 0 13
6 2 B 3 1 1 3 0 0 13
F C 9 E 1 0 FE 0 0 3
3 F 3 0 0 1 5 0 0 13
7 D 8 9 0 1 A 0 0 13
4 F 9 7 0 1 7 0 0 13
F 2 1 E 1 1 FC 0 0 13
4 2 4 2 1 1 2 0 0 13
1 D 9 6 1 0 6 0 0 3
3 A 3 0 1 1 FE 0 0 13
3 9 3 4 1 0 2 0 0 3
2 6 D 7 0 1 7 0 0 13
C 1 1 6 1 1 2 0 0 13
E 4 4 1 1 1 1 0 0 13
0 3 2 1 0 0 1 0 0 3
A 0 C E 1 1 FE 0 0 13
C 3 F 9 1 0 F9 0 0 3
9 D 1 F 0 1 84 0 0 13
1 3 6 6 0 1 6 0 0 13
3 4 F 6 0 1 6 0 0 13
4 9 6 B 1 1 FB 0 0 13
3 0 0 8 1 1 0 1 0 3
2 2 E 7 1 0 7 0 0 3
7 7 B B 1 0 FB 0 0 3
D 6 4 D 0 1 11 0 0 13
1 B 3 B 0 1 C 0 0 13
5 8 5 F 1 1 FE 0 0 13
A C 4 8 1 0 F9 0 0 3
B 0 5 6 0 0 6 0 0 3
7 4 C 7 1 0 7 0 0 3
A 8 9 2 0 0 2 0 0 3
A 9 0 E 0 1 0 1 0 3
2 1 2 8 0 1 8 0 0 13
B 2 5 6 0 0 6 0 0 3
8 5 3 F 1 1 FB 0 0 13
A A F F 0 1 F 0 0 13
2 9 7 E 1 1 FE 0 0 13
2 A E 6 1 1 6 0 0 13
C D 4 B 0 0 14 0 0 3
0 B 8 7 0 1 7 0 0 13
2 F B 1 0 1 1 0 0 13
B F 8 5 1 0 5 0 0 3
8 6 F 9 0 1 9 0 0 13
7 8 F 2 1 0 2 0 0 3
5 E 3 9 0 1 10 0 0 13
A 2 D F 1 0 FF 0 0 3
4 8 E 8 0 0 8 0 0 3
A 3 8 6 0 1 6 0 0 13
D B 8 F 0 1 11 0 0 13
5 5 5 F 0 1 10 0 0 13
D A 7 B 1 1 FB 0 0 13
D 6 1 A 0 1 58 0 0 13
5 3 7 7 1 0 7 0 0 3
0 7 9 B 1 1 FB 0 0 13
8 A 7 3 0 1 4 0 0 13
1 3 0 7 0 0 A 0 0 3
F C E A 1 1 FA 0 0 13
F F 8 2 0 1 5 0 0 13
C 1 1 0 0 1 C 0 0 13
5 D 7 0 0 0 0 0 0 3
D 9 5 0 0 0 3 0 0 3
4 3 E 2 1 0 2 0 0 3
3 F 8 F 0 1 F 0 0 13
8 F 5 0 1 1 0 0 0 13
E 6 C E 1 0 FE 0 0 3
F 1 6 5 0 0 5 0 0 3
5 1 9 F 0 0 F 0 0 3
2 3 0 4 1 1 0 1 0 3
F 5 2 6 0 0 18 0 0 3
8 C 6 3 0 1 5 0 0 13
B E 0 7 1 1 0 1 0 3
4 D 0 1 1 0 F5 0 0 3
C F 1 6 1 0 8 0 0 3
A 7 5 7 1 0 6 0 0 3
D A 6 9 0 0 B 0 0 3
B 3 5 B 0 1 C 0 0 13
E C 4 E 1 0 FE 0 0 3
A 4 6 C 0 1 D 0 0 13
3 D 6 9 1 0 F9 0 0 3
3 6 2 6 1 1 A 0 0 13
5 5 D 4 0 0 4 0 0 3
8 A C 7 0 0 7 0 0 3
A 7 3 3 1 0 FE 0 0 3
4 1 3 A 1 1 FA 0 0 13
1 3 4 A 1 1 FA 0 0 13
9 F 9 E 0 1 F 0 0 13
4 7 2 D 1 1 4 0 0 13
1 A 8 B 0 1 B 0 0 13
9 8 E 4 1 1 4 0 0 13
4 5 5 3 1 1 3 0 0 13
5 4 0 0 0 1 0 1 0 3
D E 2 A 1 0 FB 0 0 3
4 C 9 5 0 1 5 0 0 13
3 5 6 3 1 1 3 0 0 13
9 F 2 0 1 1 1 0 0 13
6 1 1 6 1 1 C 0 0 13
6 9 F F 1 0 FF 0 0 3
4 9 6 9 1 1 F9 0 0 13
4 1 3 D 1 1 FD 0 0 13
4 7 A C 0 1 C 0 0 13
B 7 1 4 1 1 E1 0 0 13
0 F 6 8 0 1 8 0 0 13
8 8 4 C 1 0 0 0 0 3
F F 1 F 0 1 F0 0 0 13
D 4 F 7 0 0 7 0 0 3
0 E 3 3 0 0 3 0 0 3
0 B 3 1 1 1 1 0 0 13
0 5 5 D 0 1 D 0 0 13
5 4 6 4 0 1 4 0 0 13
3 C 2 B 0 1 14 0 0 13
C 0 8 A 1 1 FA 0 0 13
5 F 9 2 1 1 2 0 0 13
A C 6 3 0 1 6 0 0 13
F C 1 5 1 1 9 0 0 13
1 0 F B 0 0 B 0 0 3
7 D 9 C 1 1 FC 0 0 13
B C 3 7 0 0 17 0 0 3
5 D 7 0 1 1 0 0 0 13
5 3 C 8 1 1 F8 0 0 13
3 3 8 D 1 0 FD 0 0 3
2 A 4 0 0 1 1 0 0 13
1 9 9 7 1 1 7 0 0 13
4 0 E 6 0 1 6 0 0 13
4 9 2 2 1 0 FB 0 0 3
E 1 0 0 1 0 FE 0 0 3
D 4 B C 1 0 FC 0 0 3
C 0 9 0 1 1 0 0 0 13
4 A 4 D 1 1 FC 0 0 13
C 0 0 3 1 0 3 0 0 3
9 7 2 E 0 0 1D 0 0 3
6 C 9 6 1 1 6 0 0 13
F 3 1 3 0 1 30 0 0 13
0 6 5 F 0 0 F 0 0 3
A 4 9 C 0 1 C 0 0 13
7 1 5 0 0 1 0 0 0 13
E 0 8 4 1 1 4 0 0 13
7 E 9 6 1 0 6 0 0 3
2 2 8 B 1 0 FB 0 0 3
2 F 8 9 0 0 9 0 0 3
2 7 A 7 0 0 7 0 0 3
2 9 B D 1 1 FD 0 0 13
7 D 9 4 0 1 5 0 0 13
5 7 D 0 0 1 0 0 0 13
3 4 6 3 1 0 3 0 0 3
9 3 4 6 0 0 7 0 0 3
F C 1 7 0 0 61 0 0 3
0 E 4 F 0 0 F 0 0 3
B A 7 D 1 0 FD 0 0 3
C 9 9 8 1 0 F8 0 0 3
A E 3 D 0 0 1E 0 0 3
A A 4 5 1 0 7 0 0 3
4 F 7 E 1 0 FE 0 0 3
4 C 5 6 1 1 6 0 0 13
5 F 2 F 0 1 21 0 0 13
5 2 6 5 1 0 5 0 0 3
E 5 4 3 1 0 3 0 0 3
1 B 7 A 1 0 FA 0 0 3
7 0 D A 0 0 A 0 0 3
9 F 2 4 1 1 5 0 0 13
9 0 D 2 0 0 2 0 0 3
3 D 1 1 0 0 14 0 0 3
B 4 6 7 1 1 7 0 0 13
6 E 9 8 1 1 F8 0 0 13
B 2 D 3 1 0 3 0 0 3
1 C 4 3 0 0 3 0 0 3
2 4 D B 0 1 B 0 0 13
1 1 7 F 0 1 F 0 0 13
5 7 7 6 0 0 6 0 0 3
C 7 C 3 0 1 3 0 0 13
5 2 D 9 1 1 F9 0 0 13
2 5 0 F 1 0 9 0 0 3
7 9 2 0 1 1 F4 0 0 13
F 5 0 1 1 1 0 1 0 3
0 A 9 1 0 0 1 0 0 3
1 4 6 B 1 0 FB 0 0 3
6 1 2 9 0 1 A 0 0 13
1 5 6 9 0 1 9 0 0 13
0 5 4 7 1 1 7 0 0 13
1 7 5 3 1 1 3 0 0 13
7 C 5 9 0 1 C 0 0 13
5 4 A B 0 1 B 0 0 13
8 6 1 9 1 1 C9 0 0 13
A 8 D 1 0 1 1 0 0 13
7 F 3 8 0 1 13 0 0 13
C A 1 C 1 1 14 0 0 13
A 3 4 E 0 0 F 0 0 3
F 9 1 0 1 1 7 0 0 13
F 9 5 D 0 1 12 0 0 13
B 8 2 B 0 1 21 0 0 13
5 E 9 8 1 1 F8 0 0 13
1 D 9 3 1 0 3 0 0 3
A 9 4 B 1 1 FD 0 0 13
D B 1 B 0 1 9A 0 0 13
8 2 7 D 1 1 FD 0 0 13
3 E D 7 0 0 7 0 0 3
B 0 6 2 1 1 2 0 0 13
4 B 4 7 0 0 9 0 0 3
2 9 2 4 0 1 8 0 0 13
C B 6 7 1 1 7 0 0 13
D B 4 7 0 0 F 0 0 3
7 E 6 D 1 0 FD 0 0 3
3 E 7 1 0 1 1 0 0 13
C 2 4 9 0 1 A 0 0 13
C 7 6 A 1 1 FA 0 0 13
1 F B 2 0 1 2 0 0 13
1 7 1 1 0 1 8 0 0 13
7 E E C 1 0 FC 0 0 3
6 5 A 1 1 1 1 0 0 13
F A 5 C 0 1 12 0 0 13
1 0 1 D 1 0 FD 0 0 3
8 6 3 8 1 1 F3 0 0 13
F 5 5 7 0 0 9 0 0 3
6 4 7 F 1 0 FF 0 0 3
