# arith_unit vectors  N=8 CW=8 DW=16  seed=816
# A B C D sgn fsel P err ovf latency   (hex bit patterns, latency decimal)
0 0 2 1 0 0 1 0 0 3
0 1 8 FFFE 0 0 FFFE 0 0 3
0 2 1 0 0 0 0 0 0 3
0 3 4 8000 0 0 8000 0 0 3
0 7F 3 7FFF 0 0 7FFF 0 0 3
0 80 11 8001 0 0 8001 0 0 3
0 81 3 1 0 0 1 0 0 3
0 FE 7 2 0 0 2 0 0 3
0 FF 8 2 0 0 2 0 0 3
1 0 11 0 0 0 0 0 0 3
1 1 7 FFFE 0 0 FFFE 0 0 3
1 2 2 0 0 0 0 0 0 3
1 3 7 3 0 0 3 0 0 3
1 7F 4 FFFF 0 0 6 0 1 3
1 80 2 8000 0 0 8020 0 0 3
1 81 11 8001 0 0 8001 0 0 3
1 FE 11 7FFF 0 0 7FFF 0 0 3
1 FF 7 0 0 0 1 0 0 3
2 0 FF FFFE 0 0 FFFE 0 0 3
2 1 11 8001 0 0 8001 0 0 3
2 2 FF 1 0 0 1 0 0 3
2 3 11 7FFF 0 0 7FFF 0 0 3
2 7F FF 7FFF 0 0 7FFF 0 0 3
2 80 4 8000 0 0 8010 0 0 3
2 81 7 FFFF 0 0 1 0 1 3
2 FE 3 2 0 0 41 0 0 3
2 FF 11 FFFE 0 0 FFFE 0 0 3
3 0 3 8000 0 0 8000 0 0 3
3 1 11 8000 0 0 8000 0 0 3
3 2 7 8000 0 0 8000 0 0 3
3 3 3 8001 0 0 8002 0 0 3
3 7F 10 2 0 0 2 0 0 3
3 80 10 1 0 0 1 0 0 3
3 81 3 8001 0 0 8031 0 0 3
3 FE 1 8001 0 0 817E 0 0 3
3 FF 1 8001 0 0 817F 0 0 3
7F 0 F FFFF 0 0 FFFF 0 0 3
7F 1 8 1 0 0 1 0 0 3
7F 2 8 1 0 0 1 0 0 3
7F 3 FF FFFE 0 0 FFFE 0 0 3
7F 7F 0 3 0 0 3F04 0 0 3
7F 80 8 3 0 0 42 0 0 3
7F 81 8 8000 0 0 803F 0 0 3
7F FE 11 FFFF 0 0 FFFF 0 0 3
7F FF FF FFFF 0 0 FFFF 0 0 3
80 0 F 0 0 0 0 0 0 3
80 1 8 2 0 0 2 0 0 3
80 2 11 1 0 0 1 0 0 3
80 3 10 0 0 0 0 0 0 3
80 7F 11 8000 0 0 8000 0 0 3
80 80 4 1 0 0 401 0 0 3
80 81 0 8000 0 0 C080 0 0 3
80 FE 1 2 0 0 3F82 0 0 3
80 FF 1 3 0 0 3FC3 0 0 3
81 0 F 8000 0 0 8000 0 0 3
81 1 4 8001 0 0 8009 0 0 3
81 2 11 1 0 0 1 0 0 3
81 3 0 2 0 0 185 0 0 3
81 7F F FFFF 0 0 FFFF 0 0 3
81 80 FF FFFF 0 0 FFFF 0 0 3
81 81 8 FFFE 0 0 3F 0 1 3
81 FE 4 FFFE 0 0 7FD 0 1 3
81 FF 3 7FFF 0 0 900E 0 0 3
FE 0 0 1 0 0 1 0 0 3
FE 1 1 0 0 0 7F 0 0 3
FE 2 1 8000 0 0 80FE 0 0 3
FE 3 7 8000 0 0 8005 0 0 3
FE 7F 1 1 0 0 3F02 0 0 3
FE 80 10 2 0 0 2 0 0 3
FE 81 10 8000 0 0 8000 0 0 3
FE FE FF FFFF 0 0 FFFF 0 0 3
FE FF 0 2 0 0 FD04 0 0 3
FF 0 10 3 0 0 3 0 0 3
FF 1 1 3 0 0 82 0 0 3
FF 2 4 2 0 0 21 0 0 3
FF 3 4 1 0 0 30 0 0 3
FF 7F 4 8001 0 0 87E9 0 0 3
FF 80 8 FFFE 0 0 7D 0 1 3
FF 81 0 1 0 0 8080 0 0 3
FF FE 8 0 0 0 FD 0 0 3
FF FF 7 FFFF 0 0 1FB 0 1 3
1 2 0 0 0 0 2 0 0 3
3 81 0 1 0 0 184 0 0 3
1 0 0 2 0 0 2 0 0 3
2 81 0 3 0 0 105 0 0 3
1 1 0 7FFF 0 0 8000 0 0 3
7F 0 0 8000 0 0 8000 0 0 3
1 3 0 8001 0 0 8004 0 0 3
80 1 0 FFFE 0 0 7E 0 1 3
0 1 0 FFFF 0 0 FFFF 0 0 3
2 2 1 0 0 0 2 0 0 3
3 0 1 1 0 0 1 0 0 3
81 1 1 2 0 0 42 0 0 3
1 7F 1 3 0 0 42 0 0 3
2 2 1 7FFF 0 0 8001 0 0 3
FF 3 1 8000 0 0 817E 0 0 3
3 80 1 8001 0 0 80C1 0 0 3
80 7F 1 FFFE 0 0 1FBE 0 1 3
7F 0 1 FFFF 0 0 FFFF 0 0 3
FF 0 2 0 0 0 0 0 0 3
FF FF 2 1 0 0 3F81 0 0 3
3 FE 2 2 0 0 C0 0 0 3
2 0 2 3 0 0 3 0 0 3
2 2 2 7FFF 0 0 8000 0 0 3
1 0 2 8000 0 0 8000 0 0 3
81 FE 2 8001 0 0 A000 0 0 3
0 FF 2 FFFE 0 0 FFFE 0 0 3
0 3 2 FFFF 0 0 FFFF 0 0 3
FE 2 3 0 0 0 3F 0 0 3
3 1 3 1 0 0 1 0 0 3
FE 81 3 2 0 0 1001 0 0 3
80 FE 3 3 0 0 FE3 0 0 3
FF 1 3 7FFF 0 0 801E 0 0 3
3 1 3 8000 0 0 8000 0 0 3
3 7F 3 8001 0 0 8030 0 0 3
1 3 3 FFFE 0 0 FFFE 0 0 3
1 FE 3 FFFF 0 0 1E 0 1 3
1 FF 4 0 0 0 F 0 0 3
FE 0 4 1 0 0 1 0 0 3
2 3 4 2 0 0 2 0 0 3
80 FE 4 3 0 0 7F3 0 0 3
7F 0 4 7FFF 0 0 7FFF 0 0 3
3 FE 4 8000 0 0 802F 0 0 3
1 FE 4 8001 0 0 8010 0 0 3
FE 7F 4 FFFE 0 0 7DE 0 1 3
81 81 4 FFFF 0 0 40F 0 1 3
81 7F 7 0 0 0 7F 0 0 3
1 81 7 1 0 0 2 0 0 3
2 0 7 2 0 0 2 0 0 3
1 FF 7 3 0 0 4 0 0 3
1 2 7 7FFF 0 0 7FFF 0 0 3
7F 7F 7 8000 0 0 807E 0 0 3
FE 1 7 8001 0 0 8002 0 0 3
7F 1 7 FFFE 0 0 FFFE 0 0 3
FF 0 7 FFFF 0 0 FFFF 0 0 3
FF 7F 8 0 0 0 7E 0 0 3
2 7F 8 1 0 0 1 0 0 3
81 2 8 2 0 0 3 0 0 3
FF 81 8 3 0 0 83 0 0 3
81 7F 8 7FFF 0 0 803E 0 0 3
0 81 8 8000 0 0 8000 0 0 3
FE 3 8 8001 0 0 8003 0 0 3
1 0 8 FFFE 0 0 FFFE 0 0 3
0 0 8 FFFF 0 0 FFFF 0 0 3
FF 1 F 0 0 0 0 0 0 3
7F 0 F 1 0 0 1 0 0 3
FE 81 F 2 0 0 2 0 0 3
FE 2 F 3 0 0 3 0 0 3
FF 80 F 7FFF 0 0 7FFF 0 0 3
7F 3 F 8000 0 0 8000 0 0 3
3 2 F 8001 0 0 8001 0 0 3
0 81 F FFFE 0 0 FFFE 0 0 3
80 FE F FFFF 0 0 FFFF 0 0 3
FE 1 10 0 0 0 0 0 0 3
0 0 10 1 0 0 1 0 0 3
2 FE 10 2 0 0 2 0 0 3
81 FF 10 3 0 0 3 0 0 3
80 0 10 7FFF 0 0 7FFF 0 0 3
1 81 10 8000 0 0 8000 0 0 3
FE 1 10 8001 0 0 8001 0 0 3
3 0 10 FFFE 0 0 FFFE 0 0 3
2 3 10 FFFF 0 0 FFFF 0 0 3
0 1 11 0 0 0 0 0 0 3
3 3 11 1 0 0 1 0 0 3
80 1 11 2 0 0 2 0 0 3
81 1 11 3 0 0 3 0 0 3
7F 3 11 7FFF 0 0 7FFF 0 0 3
0 0 11 8000 0 0 8000 0 0 3
0 0 11 8001 0 0 8001 0 0 3
7F 0 11 FFFE 0 0 FFFE 0 0 3
81 3 11 FFFF 0 0 FFFF 0 0 3
1 7F FF 0 0 0 0 0 0 3
FF FE FF 1 0 0 1 0 0 3
7F 80 FF 2 0 0 2 0 0 3
0 7F FF 3 0 0 3 0 0 3
80 80 FF 7FFF 0 0 7FFF 0 0 3
80 3 FF 8000 0 0 8000 0 0 3
FF FE FF 8001 0 0 8001 0 0 3
FE FE FF FFFE 0 0 FFFE 0 0 3
0 80 FF FFFF 0 0 FFFF 0 0 3
0 0 7 1 0 1 1 0 0 21
0 1 FF 1 0 1 1 0 0 21
0 2 3 3 0 1 3 0 0 21
0 3 10 FFFF 0 1 FFFF 0 0 21
0 7F 2 FFFF 0 1 FFFF 0 0 21
0 80 3 8001 0 1 8001 0 0 21
0 81 0 2 0 1 0 1 0 3
0 FE 11 8000 0 1 8000 0 0 21
0 FF F 2 0 1 2 0 0 21
1 0 7 7FFF 0 1 7FFF 0 0 21
1 1 FF 8000 0 1 8000 0 0 21
1 2 10 7FFF 0 1 7FFF 0 0 21
1 3 4 8001 0 1 8001 0 0 21
1 7F 11 8000 0 1 8000 0 0 21
1 80 2 1 0 1 21 0 0 21
1 81 4 FFFE 0 1 6 0 1 21
1 FE F 8000 0 1 8001 0 0 21
1 FF 11 FFFF 0 1 FFFF 0 0 21
2 0 8 1 0 1 1 0 0 21
2 1 2 2 0 1 2 0 0 21
2 2 8 7FFF 0 1 7FFF 0 0 21
2 3 0 7FFF 0 1 0 1 0 3
2 7F FF 2 0 1 2 0 0 21
2 80 8 0 0 1 4 0 0 21
2 81 FF 8001 0 1 8001 0 0 21
2 FE 8 8000 0 1 8007 0 0 21
2 FF 3 3 0 1 3B 0 0 21
3 0 2 1 0 1 1 0 0 21
3 1 2 1 0 1 1 0 0 21
3 2 11 8000 0 1 8000 0 0 21
3 3 3 FFFF 0 1 0 0 1 21
3 7F 0 FFFF 0 1 0 1 0 3
3 80 4 3 0 1 1B 0 0 21
3 81 F 1 0 1 2 0 0 21
3 FE 0 FFFF 0 1 0 1 0 3
3 FF 4 8000 0 1 802F 0 0 21
7F 0 11 7FFF 0 1 7FFF 0 0 21
7F 1 FF 8000 0 1 8000 0 0 21
7F 2 FF 1 0 1 1 0 0 21
7F 3 8 0 0 1 5 0 0 21
7F 7F F 3 0 1 4A 0 0 21
7F 80 2 0 0 1 FE0 0 0 21
7F 81 1 FFFE 0 1 3FFD 0 1 21
7F FE FF 8001 0 1 8001 0 0 21
7F FF 1 FFFE 0 1 7E7F 0 1 21
80 0 7 8001 0 1 8001 0 0 21
80 1 FF 8001 0 1 8001 0 0 21
80 2 4 0 0 1 10 0 0 21
80 3 3 8000 0 1 802A 0 0 21
80 7F 7 7FFF 0 1 814A 0 0 21
80 80 0 FFFE 0 1 0 1 0 3
80 81 4 FFFE 0 1 406 0 1 21
80 FE 1 2 0 1 7F02 0 0 21
80 FF 10 7FFF 0 1 807E 0 0 21
81 0 F FFFE 0 1 FFFE 0 0 21
81 1 0 7FFF 0 1 0 1 0 3
81 2 1 8001 0 1 8103 0 0 21
81 3 8 3 0 1 9 0 0 21
81 7F 1 0 0 1 3FFF 0 0 21
81 80 1 0 0 1 4080 0 0 21
81 81 10 0 0 1 41 0 0 21
81 FE F 8000 0 1 8091 0 0 21
81 FF 11 FFFF 0 1 70 0 1 21
FE 0 11 FFFE 0 1 FFFE 0 0 21
FE 1 8 3 0 1 6 0 0 21
FE 2 8 1 0 1 8 0 0 21
FE 3 FF 3 0 1 3 0 0 21
FE 7F 11 2 0 1 71 0 0 21
FE 80 4 1 0 1 7F1 0 0 21
FE 81 2 FFFE 0 1 1FFD 0 1 21
FE FE 1 8001 0 1 7C05 0 1 21
FE FF 1 8001 0 1 7D03 0 1 21
FF 0 8 FFFF 0 1 FFFF 0 0 21
FF 1 0 7FFF 0 1 0 1 0 3
FF 2 8 0 0 1 7 0 0 21
FF 3 4 FFFE 0 1 2D 0 1 21
FF 7F 0 1 0 1 0 1 0 3
FF 80 2 FFFF 0 1 1FDF 0 1 21
FF 81 3 2 0 1 E49 0 0 21
FF FE FF 8000 0 1 8000 0 0 21
FF FF 8 FFFE 0 1 3F6 0 1 21
FF 81 0 0 0 1 0 1 0 3
81 81 0 1 0 1 0 1 0 3
2 0 0 2 0 1 0 1 0 3
FF 2 0 3 0 1 0 1 0 3
3 FE 0 7FFF 0 1 0 1 0 3
2 FF 0 8000 0 1 0 1 0 3
80 81 0 8001 0 1 0 1 0 3
1 FE 0 FFFE 0 1 0 1 0 3
FF FE 0 FFFF 0 1 0 1 0 3
2 81 1 0 0 1 102 0 0 21
3 2 1 1 0 1 7 0 0 21
7F 1 1 2 0 1 81 0 0 21
0 FF 1 3 0 1 3 0 0 21
7F 2 1 7FFF 0 1 80FD 0 0 21
3 0 1 8000 0 1 8000 0 0 21
81 80 1 8001 0 1 C081 0 0 21
FF 7F 1 FFFE 0 1 7E7F 0 1 21
7F 7F 1 FFFF 0 1 3F00 0 1 21
0 81 2 0 0 1 0 0 0 21
FF FE 2 1 0 1 3F41 0 0 21
2 1 2 2 0 1 2 0 0 21
3 7F 2 3 0 1 62 0 0 21
7F 3 2 7FFF 0 1 805E 0 0 21
FE 7F 2 8000 0 1 9F80 0 0 21
2 2 2 8001 0 1 8002 0 0 21
1 FF 2 FFFE 0 1 3D 0 1 21
FF 80 2 FFFF 0 1 1FDF 0 1 21
3 3 3 0 0 1 1 0 0 21
80 7F 3 1 0 1 70F 0 0 21
80 0 3 2 0 1 2 0 0 21
FE 0 3 3 0 1 3 0 0 21
2 3 3 7FFF 0 1 7FFF 0 0 21
7F 81 3 8000 0 1 871C 0 0 21
80 FF 3 8001 0 1 8E2B 0 0 21
1 1 3 FFFE 0 1 FFFE 0 0 21
1 1 3 FFFF 0 1 FFFF 0 0 21
FE 81 4 0 0 1 7FF 0 0 21
2 80 4 1 0 1 11 0 0 21
80 FF 4 2 0 1 7FA 0 0 21
80 7F 4 3 0 1 3FB 0 0 21
1 2 4 7FFF 0 1 7FFF 0 0 21
1 FE 4 8000 0 1 800F 0 0 21
80 81 4 8001 0 1 8409 0 0 21
7F 80 4 FFFE 0 1 3F6 0 1 21
2 3 4 FFFF 0 1 FFFF 0 0 21
80 2 7 0 0 1 5 0 0 21
3 2 7 1 0 1 1 0 0 21
81 81 7 2 0 1 155 0 0 21
1 0 7 3 0 1 3 0 0 21
7F 3 7 7FFF 0 1 8006 0 0 21
81 FF 7 8000 0 1 829F 0 0 21
2 7F 7 8001 0 1 8006 0 0 21
FF 2 7 FFFE 0 1 8 0 1 21
FE 3 7 FFFF 0 1 E 0 1 21
2 7F 8 0 0 1 3 0 0 21
2 3 8 1 0 1 1 0 0 21
FE 2 8 2 0 1 9 0 0 21
1 3 8 3 0 1 3 0 0 21
81 1 8 7FFF 0 1 8001 0 0 21
2 2 8 8000 0 1 8000 0 0 21
1 3 8 8001 0 1 8001 0 0 21
3 3 8 FFFE 0 1 FFFE 0 0 21
81 0 8 FFFF 0 1 FFFF 0 0 21
81 FF F 0 0 1 92 0 0 21
7F 1 F 1 0 1 1 0 0 21
1 2 F 2 0 1 2 0 0 21
1 7F F 3 0 1 3 0 0 21
FE 1 F 7FFF 0 1 8000 0 0 21
0 FF F 8000 0 1 8000 0 0 21
3 3 F 8001 0 1 8001 0 0 21
7F FE F FFFE 0 1 8D 0 1 21
80 FF F FFFF 0 1 90 0 1 21
80 7F 10 0 0 1 3F 0 0 21
7F FF 10 1 0 1 7F 0 0 21
80 81 10 2 0 1 42 0 0 21
FE 7F 10 3 0 1 81 0 0 21
0 0 10 7FFF 0 1 7FFF 0 0 21
3 3 10 8000 0 1 8000 0 0 21
FE 81 10 8001 0 1 8080 0 0 21
80 80 10 FFFE 0 1 3E 0 1 21
2 FF 10 FFFF 0 1 0 0 1 21
7F 80 11 0 0 1 38 0 0 21
3 80 11 1 0 1 2 0 0 21
3 7F 11 2 0 1 3 0 0 21
81 7F 11 3 0 1 3B 0 0 21
2 80 11 7FFF 0 1 7FFF 0 0 21
FF 0 11 8000 0 1 8000 0 0 21
80 81 11 8001 0 1 803A 0 0 21
7F 0 11 FFFE 0 1 FFFE 0 0 21
3 2 11 FFFF 0 1 FFFF 0 0 21
3 2 FF 0 0 1 0 0 0 21
2 81 FF 1 0 1 1 0 0 21
3 2 FF 2 0 1 2 0 0 21
3 1 FF 3 0 1 3 0 0 21
FE 3 FF 7FFF 0 1 7FFF 0 0 21
3 1 FF 8000 0 1 8000 0 0 21
2 1 FF 8001 0 1 8001 0 0 21
3 2 FF FFFE 0 1 FFFE 0 0 21
80 FE FF FFFF 0 1 FFFF 0 0 21
0 0 FF FFFE 1 0 FFFE 0 0 3
0 1 F 7FFF 1 0 7FFF 0 0 3
0 2 FF FFFE 1 0 FFFE 0 0 3
0 3 11 2 1 0 2 0 0 3
0 7F 8 3 1 0 3 0 0 3
0 80 0 3 1 0 3 0 0 3
0 81 4 1 1 0 1 0 0 3
0 FE FF 3 1 0 3 0 0 3
0 FF F 1 1 0 1 0 0 3
1 0 4 3 1 0 3 0 0 3
1 1 2 8000 1 0 8000 0 0 3
1 2 10 FFFE 1 0 FFFE 0 0 3
1 3 2 FFFF 1 0 FFFF 0 0 3
1 7F FF FFFF 1 0 FFFF 0 0 3
1 80 11 FFFF 1 0 FFFF 0 0 3
1 81 FF 1 1 0 1 0 0 3
1 FE 4 FFFF 1 0 FFFF 0 0 3
1 FF 8 3 1 0 3 0 0 3
2 0 F FFFE 1 0 FFFE 0 0 3
2 1 11 0 1 0 0 0 0 3
2 2 7 2 1 0 2 0 0 3
2 3 10 1 1 0 1 0 0 3
2 7F F 3 1 0 3 0 0 3
2 80 10 3 1 0 3 0 0 3
2 81 F 3 1 0 3 0 0 3
2 FE 3 2 1 0 2 0 0 3
2 FF 0 FFFE 1 0 FFFC 0 0 3
3 0 8 7FFF 1 0 7FFF 0 0 3
3 1 4 7FFF 1 0 7FFF 0 0 3
3 2 0 7FFF 1 0 8005 0 1 3
3 3 11 7FFF 1 0 7FFF 0 0 3
3 7F 2 FFFE 1 0 5D 0 0 3
3 80 F 8000 1 0 8000 0 0 3
3 81 F 7FFF 1 0 7FFF 0 0 3
3 FE 0 8001 1 0 7FFB 0 1 3
3 FF 0 3 1 0 0 0 0 3
7F 0 7 8000 1 0 8000 0 0 3
7F 1 1 3 1 0 42 0 0 3
7F 2 FF 7FFF 1 0 7FFF 0 0 3
7F 3 4 8000 1 0 8017 0 0 3
7F 7F 11 FFFE 1 0 FFFE 0 0 3
7F 80 8 2 1 0 FFC3 0 0 3
7F 81 0 FFFF 1 0 C0FE 0 0 3
7F FE 3 2 1 0 FFE3 0 0 3
7F FF 1 FFFF 1 0 FFC0 0 0 3
80 0 F 8000 1 0 8000 0 0 3
80 1 8 0 1 0 0 0 0 3
80 2 2 FFFE 1 0 FFBE 0 0 3
80 3 4 1 1 0 FFE9 0 0 3
80 7F 10 0 1 0 0 0 0 3
80 80 4 1 1 0 401 0 0 3
80 81 0 3 1 0 3F83 0 0 3
80 FE 0 FFFE 1 0 FE 0 0 3
80 FF 3 FFFF 1 0 F 0 0 3
81 0 11 FFFE 1 0 FFFE 0 0 3
81 1 0 1 1 0 FF82 0 0 3
81 2 7 1 1 0 0 0 0 3
81 3 0 2 1 0 FE85 0 0 3
81 7F 1 0 1 0 E080 0 0 3
81 80 10 7FFF 1 0 7FFF 0 0 3
81 81 F 8000 1 0 8000 0 0 3
81 FE F 8001 1 0 8001 0 0 3
81 FF 7 8000 1 0 8000 0 0 3
FE 0 2 7FFF 1 0 7FFF 0 0 3
FE 1 2 2 1 0 2 0 0 3
FE 2 8 8001 1 0 8001 0 0 3
FE 3 3 FFFF 1 0 FFFF 0 0 3
FE 7F 11 7FFF 1 0 7FFF 0 0 3
FE 80 10 8001 1 0 8001 0 0 3
FE 81 10 8000 1 0 8000 0 0 3
FE FE 0 0 1 0 4 0 0 3
FE FF FF 8001 1 0 8001 0 0 3
FF 0 10 7FFF 1 0 7FFF 0 0 3
FF 1 F 1 1 0 1 0 0 3
FF 2 FF FFFE 1 0 FFFE 0 0 3
FF 3 2 2 1 0 2 0 0 3
FF 7F 1 FFFE 1 0 FFBF 0 0 3
FF 80 1 2 1 0 42 0 0 3
FF 81 8 FFFF 1 0 FFFF 0 0 3
FF FE 7 8001 1 0 8001 0 0 3
FF FF 8 7FFF 1 0 7FFF 0 0 3
3 2 0 0 1 0 6 0 0 3
0 3 0 1 1 0 1 0 0 3
0 80 0 2 1 0 2 0 0 3
1 FF 0 3 1 0 2 0 0 3
FE 7F 0 7FFF 1 0 7F01 0 0 3
2 FE 0 8000 1 0 7FFC 0 1 3
FE 7F 0 8001 1 0 7F03 0 1 3
1 81 0 FFFE 1 0 FF7F 0 0 3
0 80 0 FFFF 1 0 FFFF 0 0 3
0 FF 1 0 1 0 0 0 0 3
80 0 1 1 1 0 1 0 0 3
FE FF 1 2 1 0 3 0 0 3
FF 80 1 3 1 0 43 0 0 3
80 7F 1 7FFF 1 0 603F 0 0 3
80 2 1 8000 1 0 7F80 0 1 3
7F FF 1 8001 1 0 7FC2 0 1 3
80 0 1 FFFE 1 0 FFFE 0 0 3
FF 3 1 FFFF 1 0 FFFE 0 0 3
7F 2 2 0 1 0 3F 0 0 3
3 1 2 1 1 0 1 0 0 3
2 FE 2 2 1 0 1 0 0 3
7F 1 2 3 1 0 22 0 0 3
2 FE 2 7FFF 1 0 7FFE 0 0 3
1 0 2 8000 1 0 8000 0 0 3
2 3 2 8001 1 0 8002 0 0 3
FE FE 2 FFFE 1 0 FFFF 0 0 3
FE 81 2 FFFF 1 0 3E 0 0 3
80 81 3 0 1 0 7F0 0 0 3
7F 3 3 1 1 0 30 0 0 3
1 2 3 2 1 0 2 0 0 3
2 0 3 3 1 0 3 0 0 3
81 2 3 7FFF 1 0 7FE0 0 0 3
0 81 3 8000 1 0 8000 0 0 3
81 1 3 8001 1 0 7FF2 0 1 3
3 7F 3 FFFE 1 0 2D 0 0 3
1 7F 3 FFFF 1 0 E 0 0 3
81 FF 4 0 1 0 7 0 0 3
80 FF 4 1 1 0 9 0 0 3
FE 80 4 2 1 0 12 0 0 3
81 2 4 3 1 0 FFF4 0 0 3
1 FF 4 7FFF 1 0 7FFF 0 0 3
2 3 4 8000 1 0 8000 0 0 3
FF 2 4 8001 1 0 8001 0 0 3
1 3 4 FFFE 1 0 FFFE 0 0 3
FF 0 4 FFFF 1 0 FFFF 0 0 3
80 80 7 0 1 0 80 0 0 3
1 FF 7 1 1 0 1 0 0 3
7F FE 7 2 1 0 1 0 0 3
2 3 7 3 1 0 3 0 0 3
1 FE 7 7FFF 1 0 7FFF 0 0 3
3 FE 7 8000 1 0 8000 0 0 3
FE 7F 7 8001 1 0 8000 0 0 3
FE 3 7 FFFE 1 0 FFFE 0 0 3
2 0 7 FFFF 1 0 FFFF 0 0 3
0 FF 8 0 1 0 0 0 0 3
2 7F 8 1 1 0 1 0 0 3
1 81 8 2 1 0 2 0 0 3
1 81 8 3 1 0 3 0 0 3
81 7F 8 7FFF 1 0 7FC0 0 0 3
2 FE 8 8000 1 0 8000 0 0 3
FF 80 8 8001 1 0 8001 0 0 3
80 FE 8 FFFE 1 0 FFFF 0 0 3
80 3 8 FFFF 1 0 FFFE 0 0 3
7F 7F F 0 1 0 0 0 0 3
FF 3 F 1 1 0 1 0 0 3
2 7F F 2 1 0 2 0 0 3
3 1 F 3 1 0 3 0 0 3
2 0 F 7FFF 1 0 7FFF 0 0 3
FE 3 F 8000 1 0 8000 0 0 3
1 FE F 8001 1 0 8001 0 0 3
2 1 F FFFE 1 0 FFFE 0 0 3
2 2 F FFFF 1 0 FFFF 0 0 3
7F 0 10 0 1 0 0 0 0 3
2 80 10 1 1 0 1 0 0 3
3 FF 10 2 1 0 2 0 0 3
0 2 10 3 1 0 3 0 0 3
0 2 10 7FFF 1 0 7FFF 0 0 3
0 FF 10 8000 1 0 8000 0 0 3
2 7F 10 8001 1 0 8001 0 0 3
7F 80 10 FFFE 1 0 FFFE 0 0 3
7F 0 10 FFFF 1 0 FFFF 0 0 3
7F FE 11 0 1 0 0 0 0 3
3 80 11 1 1 0 1 0 0 3
1 7F 11 2 1 0 2 0 0 3
FF 81 11 3 1 0 3 0 0 3
7F 81 11 7FFF 1 0 7FFF 0 0 3
80 FF 11 8000 1 0 8000 0 0 3
80 FE 11 8001 1 0 8001 0 0 3
FF 80 11 FFFE 1 0 FFFE 0 0 3
7F FE 11 FFFF 1 0 FFFF 0 0 3
7F 80 FF 0 1 0 0 0 0 3
1 FE FF 1 1 0 1 0 0 3
FF 7F FF 2 1 0 2 0 0 3
7F 3 FF 3 1 0 3 0 0 3
2 FF FF 7FFF 1 0 7FFF 0 0 3
2 FF FF 8000 1 0 8000 0 0 3
3 3 FF 8001 1 0 8001 0 0 3
1 2 FF FFFE 1 0 FFFE 0 0 3
FE FE FF FFFF 1 0 FFFF 0 0 3
0 0 FF 1 1 1 1 0 0 21
0 1 FF 2 1 1 2 0 0 21
0 2 FF 3 1 1 3 0 0 21
0 3 3 8000 1 1 8000 0 0 21
0 7F 11 2 1 1 2 0 0 21
0 80 0 1 1 1 0 1 0 3
0 81 3 1 1 1 1 0 0 21
0 FE 1 7FFF 1 1 7FFF 0 0 21
0 FF 2 3 1 1 3 0 0 21
1 0 2 FFFF 1 1 FFFF 0 0 21
1 1 FF 2 1 1 2 0 0 21
1 2 10 2 1 1 2 0 0 21
1 3 F 7FFF 1 1 7FFF 0 0 21
1 7F F 7FFF 1 1 7FFF 0 0 21
1 80 4 7FFF 1 1 7FF7 0 0 21
1 81 FF 3 1 1 3 0 0 21
1 FE 3 8001 1 1 8001 0 0 21
1 FF 1 8000 1 1 7FFF 0 1 21
2 0 7 FFFE 1 1 FFFE 0 0 21
2 1 FF FFFE 1 1 FFFE 0 0 21
2 2 2 3 1 1 4 0 0 21
2 3 10 1 1 1 1 0 0 21
2 7F 2 8000 1 1 803F 0 0 21
2 80 8 1 1 1 FFFD 0 0 21
2 81 F 1 1 1 0 0 0 21
2 FE 3 3 1 1 3 0 0 21
2 FF 0 7FFF 1 1 0 1 0 3
3 0 8 FFFE 1 1 FFFE 0 0 21
3 1 0 1 1 1 0 1 0 3
3 2 1 FFFE 1 1 4 0 0 21
3 3 0 8001 1 1 0 1 0 3
3 7F 4 8000 1 1 8017 0 0 21
3 80 3 FFFE 1 1 FFD4 0 0 21
3 81 11 FFFF 1 1 FFFE 0 0 21
3 FE 10 3 1 1 3 0 0 21
3 FF F 8000 1 1 8000 0 0 21
7F 0 10 8001 1 1 8001 0 0 21
7F 1 10 8001 1 1 8001 0 0 21
7F 2 FF 3 1 1 3 0 0 21
7F 3 8 1 1 1 6 0 0 21
7F 7F 11 8000 1 1 8037 0 0 21
7F 80 7 FFFF 1 1 FEB4 0 0 21
7F 81 F 0 1 1 FFB9 0 0 21
7F FE 3 7FFF 1 1 7FE3 0 0 21
7F FF F 1 1 1 1 0 0 21
80 0 10 FFFF 1 1 FFFF 0 0 21
80 1 8 1 1 1 FFFF 0 0 21
80 2 10 FFFE 1 1 FFFD 0 0 21
80 3 2 3 1 1 FFA3 0 0 21
80 7F 8 7FFF 1 1 7F01 0 0 21
80 80 7 0 1 1 14E 0 0 21
80 81 8 2 1 1 100 0 0 21
80 FE 4 3 1 1 13 0 0 21
80 FF 0 2 1 1 0 1 0 3
81 0 2 0 1 1 0 0 0 21
81 1 10 1 1 1 1 0 0 21
81 2 3 FFFE 1 1 FFE2 0 0 21
81 3 2 FFFF 1 1 FFA0 0 0 21
81 7F FF FFFE 1 1 FFFE 0 0 21
81 80 3 3 1 1 711 0 0 21
81 81 4 2 1 1 3F2 0 0 21
81 FE 0 0 1 1 0 1 0 3
81 FF 2 3 1 1 22 0 0 21
FE 0 4 3 1 1 3 0 0 21
FE 1 1 1 1 1 FFFF 0 0 21
FE 2 10 3 1 1 3 0 0 21
FE 3 2 FFFF 1 1 FFFE 0 0 21
FE 7F 8 8001 1 1 7FFE 0 1 21
FE 80 10 0 1 1 1 0 0 21
FE 81 4 0 1 1 F 0 0 21
FE FE F 7FFF 1 1 7FFF 0 0 21
FE FF F 1 1 1 1 0 0 21
FF 0 3 FFFE 1 1 FFFE 0 0 21
FF 1 7 FFFE 1 1 FFFE 0 0 21
FF 2 11 0 1 1 0 0 0 21
FF 3 8 8001 1 1 8001 0 0 21
FF 7F F 2 1 1 2 0 0 21
FF 80 FF FFFE 1 1 FFFE 0 0 21
FF 81 FF 3 1 1 3 0 0 21
FF FE 4 FFFE 1 1 FFFE 0 0 21
FF FF 4 3 1 1 3 0 0 21
2 2 0 0 1 1 0 1 0 3
7F 81 0 1 1 1 0 1 0 3
80 81 0 2 1 1 0 1 0 3
7F 0 0 3 1 1 0 1 0 3
7F FE 0 7FFF 1 1 0 1 0 3
FF 1 0 8000 1 1 0 1 0 3
2 2 0 8001 1 1 0 1 0 3
81 FF 0 FFFE 1 1 0 1 0 3
1 80 0 FFFF 1 1 0 1 0 3
81 7F 1 0 1 1 C0FF 0 0 21
1 FF 1 1 1 1 0 0 0 21
1 80 1 2 1 1 FF82 0 0 21
7F FF 1 3 1 1 FF84 0 0 21
1 80 1 7FFF 1 1 7F7F 0 0 21
FF FE 1 8000 1 1 8002 0 0 21
FF FE 1 8001 1 1 8003 0 0 21
FE 81 1 FFFE 1 1 FC 0 0 21
FF 81 1 FFFF 1 1 7E 0 0 21
FE 7F 2 0 1 1 FFC1 0 0 21
81 80 2 1 1 1 FE1 0 0 21
2 0 2 2 1 1 2 0 0 21
3 FE 2 3 1 1 2 0 0 21
80 2 2 7FFF 1 1 7FBF 0 0 21
2 3 2 8000 1 1 8001 0 0 21
80 0 2 8001 1 1 8001 0 0 21
0 FF 2 FFFE 1 1 FFFE 0 0 21
7F 3 2 FFFF 1 1 5E 0 0 21
3 7F 3 0 1 1 2A 0 0 21
FE 0 3 1 1 1 1 0 0 21
2 0 3 2 1 1 2 0 0 21
1 FF 3 3 1 1 3 0 0 21
7F 80 3 7FFF 1 1 78F1 0 0 21
FF 7F 3 8000 1 1 7FF2 0 1 21
FE 81 3 8001 1 1 801D 0 0 21
1 2 3 FFFE 1 1 FFFE 0 0 21
80 81 3 FFFF 1 1 70D 0 0 21
80 7F 4 0 1 1 FC08 0 0 21
0 81 4 1 1 1 1 0 0 21
80 1 4 2 1 1 FFFA 0 0 21
0 FF 4 3 1 1 3 0 0 21
80 7F 4 7FFF 1 1 7C07 0 0 21
81 2 4 8000 1 1 7FF1 0 1 21
2 3 4 8001 1 1 8001 0 0 21
7F 7F 4 FFFE 1 1 3EE 0 0 21
80 80 4 FFFF 1 1 3FF 0 0 21
FE 2 7 0 1 1 0 0 0 21
FE FE 7 1 1 1 1 0 0 21
7F 0 7 2 1 1 2 0 0 21
FF 0 7 3 1 1 3 0 0 21
1 0 7 7FFF 1 1 7FFF 0 0 21
2 1 7 8000 1 1 8000 0 0 21
FF 1 7 8001 1 1 8001 0 0 21
0 1 7 FFFE 1 1 FFFE 0 0 21
FF 7F 7 FFFF 1 1 FFFD 0 0 21
7F 81 8 0 1 1 FF04 0 0 21
2 FE 8 1 1 1 1 0 0 21
81 80 8 2 1 1 100 0 0 21
3 FF 8 3 1 1 3 0 0 21
2 80 8 7FFF 1 1 7FFB 0 0 21
7F 3 8 8000 1 1 8005 0 0 21
FE 2 8 8001 1 1 8001 0 0 21
80 FF 8 FFFE 1 1 0 0 0 21
3 FF 8 FFFF 1 1 FFFF 0 0 21
FF FF F 0 1 1 0 0 0 21
1 80 F 1 1 1 1 0 0 21
7F 3 F 2 1 1 3 0 0 21
FF 81 F 3 1 1 3 0 0 21
7F 7F F 7FFF 1 1 8046 0 1 21
FF 2 F 8000 1 1 8000 0 0 21
1 1 F 8001 1 1 8001 0 0 21
0 0 F FFFE 1 1 FFFE 0 0 21
7F 1 F FFFF 1 1 FFFF 0 0 21
1 0 10 0 1 1 0 0 0 21
FE 2 10 1 1 1 1 0 0 21
FE 1 10 2 1 1 2 0 0 21
FE 1 10 3 1 1 3 0 0 21
3 81 10 7FFF 1 1 7FFE 0 0 21
81 3 10 8000 1 1 7FFF 0 1 21
2 0 10 8001 1 1 8001 0 0 21
3 2 10 FFFE 1 1 FFFE 0 0 21
1 7F 10 FFFF 1 1 FFFF 0 0 21
1 80 11 0 1 1 0 0 0 21
FF 3 11 1 1 1 1 0 0 21
80 FF 11 2 1 1 2 0 0 21
FE 80 11 3 1 1 3 0 0 21
81 1 11 7FFF 1 1 7FFF 0 0 21
7F 80 11 8000 1 1 7FC8 0 1 21
80 1 11 8001 1 1 8001 0 0 21
7F FF 11 FFFE 1 1 FFFE 0 0 21
7F FF 11 FFFF 1 1 FFFF 0 0 21
3 81 FF 0 1 1 0 0 0 21
1 81 FF 1 1 1 1 0 0 21
3 0 FF 2 1 1 2 0 0 21
1 7F FF 3 1 1 3 0 0 21
FF 2 FF 7FFF 1 1 7FFF 0 0 21
FE 2 FF 8000 1 1 8000 0 0 21
2 1 FF 8001 1 1 8001 0 0 21
7F 1 FF FFFE 1 1 FFFE 0 0 21
FE 3 FF FFFF 1 1 FFFF 0 0 21
EE 18 F 76BB 0 1 76D4 0 0 21
4D A6 1 6D6E 0 1 9F5C 0 0 21
E3 BC E 48B4 0 1 498D 0 0 21
3B B9 6 5DFF 0 0 5EA9 0 0 3
5A A4 10 7530 1 1 7510 0 0 21
37 BF 5D 9881 1 1 9881 0 0 21
7F 15 B 7C6D 1 0 7C6E 0 0 3
88 D9 D2 2746 1 0 2746 0 0 3
5D 8D 5 121C 0 1 1428 0 0 21
C5 81 19 81F2 1 0 81F2 0 0 3
17 66 C C997 1 0 C997 0 0 3
E4 C8 D9 1612 1 0 1612 0 0 3
6A 2C 11 823D 0 0 823D 0 0 3
AB 68 10 E6AC 1 0 E6AC 0 0 3
30 C3 3E 946D 1 0 946D 0 0 3
73 51 5 F44A 1 0 F56D 0 0 3
1A 4C 9 54C0 1 1 54D8 0 0 21
A6 E8 8C 6FEB 1 0 6FEB 0 0 3
7E FD 54 FA93 1 1 FA93 0 0 21
AD A1 4 F461 1 1 F64D 0 0 21
72 DD 90 EFEA 1 0 EFEA 0 0 3
68 94 46 E235 0 1 E238 0 0 21
35 7A 6 699B 1 0 6A00 0 0 3
15 6B 5 DCFC 0 0 DD42 0 0 3
19 52 0 FC33 1 1 0 1 0 3
7E 63 0 E1A4 0 0 125E 0 1 3
DD 99 96 4439 0 0 4439 0 0 3
AD CD 6 4EE9 0 0 5113 0 0 3
D6 C2 E 6620 1 1 662D 0 0 21
90 27 8 1B6B 0 1 1BC2 0 0 21
4A 91 C 20B0 1 0 20AE 0 0 3
99 E9 83 9AA1 0 0 9AA1 0 0 3
CF 7 D4 B853 1 0 B853 0 0 3
28 B7 4 E233 1 0 E17D 0 0 3
1F F1 3 5C96 0 0 603B 0 0 3
D6 96 D 75A4 0 1 7661 0 0 21
E4 46 5 FA33 0 1 FCB1 0 0 21
40 AE 11 7C81 0 0 7C81 0 0 3
6C 1 8C AAC5 1 0 AAC5 0 0 3
79 AF 4 F0ED 1 0 EE89 0 0 3
BC 47 5F A40F 1 1 A40F 0 0 21
1F 24 26 8FB3 1 1 8FB3 0 0 21
6B 86 6 744F 1 1 72E5 0 0 21
38 50 3 82AE 1 0 84DE 0 0 3
F5 B1 98 FCAB 0 1 FCAC 0 0 21
64 71 4 9469 1 0 972B 0 0 3
EE 86 0 58D6 0 0 D56A 0 0 3
23 FF D 30DF 0 1 3113 0 0 21
14 5B 6 2DA3 0 1 2DD5 0 0 21
85 A9 7 5D53 1 1 5E2D 0 0 21
F9 F 6 FE7A 0 0 FEB4 0 0 3
27 EC 7 DE55 0 0 DE9C 0 0 3
84 F5 C 509E 0 0 50A5 0 0 3
ED 34 66 6FA6 0 0 6FA6 0 0 3
18 31 57 1CA 0 1 1CA 0 0 21
33 48 F E5A4 0 1 E5B4 0 0 21
4E EE 1 36E5 1 0 3427 0 0 3
5D 42 0 3497 0 1 0 1 0 3
FB B3 5 E149 0 0 E6C5 0 0 3
26 A5 E6 8BEC 0 1 8BEC 0 0 21
B 9D B 1D5E 1 0 1D5E 0 0 3
BE 1B B4 AA95 0 0 AA95 0 0 3
30 70 79 825 1 0 825 0 0 3
D3 F6 2 E88D 0 0 1B3D 0 1 3
CC 1E 61 6980 1 1 6980 0 0 21
56 B6 C0 9999 0 1 9999 0 0 21
26 9A B5 1A6E 0 0 1A6E 0 0 3
EC 84 11 E73F 0 1 E7AA 0 0 21
98 0 FA 5334 1 0 5334 0 0 3
E 86 6 A7F1 1 0 A7D7 0 0 3
8B 50 3F 297C 1 0 297C 0 0 3
94 D6 24 A7C9 1 0 A7C9 0 0 3
23 6C 62 F89D 0 1 F89D 0 0 21
D9 6A EB 2F58 1 1 2F58 0 0 21
4F FB D8 C2E9 0 0 C2E9 0 0 3
5E 4E 9F F7F1 0 0 F7F1 0 0 3
87 6D 67 5FBE 1 0 5FBE 0 0 3
B5 DC D3 107A 0 1 107A 0 0 21
58 6 9 96DC 1 0 96DD 0 0 3
5F 22 7 2958 1 0 2971 0 0 3
8F 1B 18 14CF 1 0 14CF 0 0 3
51 C7 6 E833 1 1 E7B3 0 0 21
B4 3 E3 EB45 1 0 EB45 0 0 3
80 C7 DC 7E45 1 0 7E45 0 0 3
55 61 CD 86EE 0 0 86EE 0 0 3
C2 FE 78 C909 0 1 C90C 0 0 21
6F 7C AF FC70 0 0 FC70 0 0 3
E4 21 4B 8FB7 0 0 8FB7 0 0 3
99 56 2 2C9C 1 1 23F6 0 0 21
EF 14 E 8D93 1 0 8D93 0 0 3
B7 3B 10 508B 1 0 508B 0 0 3
10 E3 8 2F00 0 0 2F0E 0 0 3
96 FD D9 36A9 1 0 36A9 0 0 3
DE AE 5 13D7 1 0 142E 0 0 3
21 AC 58 C8D2 0 1 C8D2 0 0 21
E7 CE 69 FF63 1 0 FF63 0 0 3
4C 20 8 6E6E 0 1 6E94 0 0 21
15 5D 2B C441 0 0 C441 0 0 3
B1 7B D 885E 1 1 8825 0 0 21
75 23 E4 627F 1 0 627F 0 0 3
AF 45 C 264A 1 0 2649 0 0 3
12 23 9 E38A 0 0 E38B 0 0 3
C2 7A 11 DBE4 0 0 DBE4 0 0 3
B5 FE 10 7BA0 0 1 7C53 0 0 21
4C D3 10 37C2 1 1 37B5 0 0 21
5B 1D F7 4DE7 0 1 4DE7 0 0 21
62 3D E F752 1 1 F770 0 0 21
7C F 7F F61B 1 0 F61B 0 0 3
47 AD 1E 1312 0 0 1312 0 0 3
4B A8 1 EB01 0 0 39D 0 1 3
83 25 20 9DDE 1 0 9DDE 0 0 3
37 46 24 4433 0 1 4435 0 0 21
B5 1 25 1FB0 0 0 1FB0 0 0 3
41 FB 7 4E68 0 1 4FB4 0 0 21
9F 55 11 BC23 0 0 BC23 0 0 3
B2 A2 E6 5F45 1 0 5F45 0 0 3
88 3B 6 E67E 1 0 E610 0 0 3
DB 25 7 1985 1 1 196A 0 0 21
EC 9C F 4C3 1 0 4C3 0 0 3
EA 12 A6 12DF 1 0 12DF 0 0 3
29 15 B 5DC0 0 1 5DC7 0 0 21
4D 2E E 2F2A 0 1 2F3C 0 0 21
4F 5F 65 443B 0 1 443B 0 0 21
B4 37 7 CA57 1 1 CA02 0 0 21
DD D7 D D5BE 0 0 D5C3 0 0 3
D4 78 5C 4736 0 1 4739 0 0 21
CA 82 6 7C93 0 0 7E2D 0 0 3
8F CF 72 9640 0 1 9642 0 0 21
22 17 1 D59D 1 1 D8AB 0 0 21
19 F1 8B 38E1 0 1 38E1 0 0 21
E9 8F 6 7AC3 1 0 7AEB 0 0 3
1E A8 E 6A40 0 0 6A40 0 0 3
D9 59 19 C612 1 0 C612 0 0 3
4E C 1A 8B5B 1 0 8B5B 0 0 3
81 3A 2 15CF 0 0 1D1D 0 0 3
A8 C0 DC F9E6 0 1 F9E6 0 0 21
4D 5F 0 4C9A 1 0 692D 0 0 3
30 22 2 A594 1 1 A72C 0 0 21
DC E5 C3 F3B3 0 1 F3B4 0 0 21
24 E5 A2 3426 0 1 3426 0 0 21
8E F8 6E A4FB 1 0 A4FB 0 0 3
B2 84 5 61AF 1 0 62DD 0 0 3
7B 5E 3 E55E 0 1 EA62 0 0 21
4 E7 77 9156 1 1 9156 0 0 21
80 23 6 273D 1 1 26C1 0 0 21
62 0 2D 5DAE 0 1 5DAE 0 0 21
30 FE 5 40E0 0 0 425D 0 0 3
55 89 C8 BDF4 0 1 BDF4 0 0 21
5A BC C 7ED3 0 1 7F48 0 0 21
94 B9 D C5B8 0 0 C5BB 0 0 3
78 85 8D C539 0 1 C539 0 0 21
91 6B 1 449D 1 0 2D6B 0 0 3
8C FA 8 E875 0 1 EA97 0 0 21
91 7 37 9B95 1 1 9B95 0 0 21
AF 42 4 D4FF 0 1 D7D0 0 0 21
7F B7 D6 72B4 1 0 72B4 0 0 3
E9 E 29 CE2F 1 1 CE2F 0 0 21
59 9E 9B 56BC 0 0 56BC 0 0 3
FC A9 97 4CA9 0 1 4CAA 0 0 21
91 51 9 225E 1 0 224D 0 0 3
FD 85 4 30C1 0 0 38F8 0 0 3
6B 23 18 E6C9 1 1 E6CF 0 0 21
4E 7E 35 5111 1 0 5111 0 0 3
EE 46 9 9CBF 1 1 9CB0 0 0 21
21 B E 5FF7 0 1 5FF8 0 0 21
31 6F B5 2CFA 1 0 2CFA 0 0 3
59 E9 5 295E 1 0 291F 0 0 3
93 3E B 51C3 1 1 518C 0 0 21
33 27 76 A183 1 0 A183 0 0 3
82 4A 7 C6C3 0 1 C787 0 0 21
37 1D 1 CBA1 1 0 CEBE 0 0 3
22 81 F2 7D24 0 1 7D24 0 0 21
1 D6 F 3DDC 0 1 3DDC 0 0 21
BB 4 8 FB4C 0 1 FB57 0 0 21
1B 17 D 14B4 1 0 14B4 0 0 3
90 C4 D0 8531 0 0 8531 0 0 3
51 54 A5 FE65 1 1 FE65 0 0 21
D2 64 2 3266 0 0 46E8 0 0 3
5A BA 0 CA78 0 1 0 1 0 3
73 8 4F 36A4 0 1 36A4 0 0 21
32 B5 CA 3659 1 1 3659 0 0 21
CE 72 1 A776 1 1 9132 0 0 21
6F CA B 382A 0 0 3834 0 0 3
71 3A 99 5DAE 0 0 5DAE 0 0 3
F A4 11 8A81 1 1 8A7D 0 0 21
E7 12 6F 983F 1 1 983F 0 0 21
F4 F8 5 ECD3 0 0 F436 0 0 3
1D 76 3 96D5 1 1 9851 0 0 21
D1 82 10 A4B3 0 0 A4B3 0 0 3
34 6D 6C D1EF 1 0 D1EF 0 0 3
4E 31 10 1EC9 0 0 1EC9 0 0 3
AF CD 8 C6E1 0 1 C911 0 0 21
E4 D1 7 3B13 1 0 3B1D 0 0 3
B5 9E 0 7B87 0 1 0 1 0 3
CA 33 91 B3ED 1 1 B3ED 0 0 21
74 63 1F 36B9 0 0 36B9 0 0 3
85 CD 6 50D4 1 0 5136 0 0 3
FC 81 0 B5C0 0 1 0 1 0 3
8D 86 B 2E1F 0 1 2EBB 0 0 21
DE CF C 6FDD 1 0 6FDD 0 0 3
A9 B 5E ABB8 0 0 ABB8 0 0 3
FB A4 75 82DE 1 0 82DE 0 0 3
CF BA 9B 3D7E 0 1 3D7F 0 0 21
24 56 6 7382 0 0 73B2 0 0 3
AC B3 A1 D291 1 0 D291 0 0 3
86 14 28 391D 1 0 391D 0 0 3
29 13 73 542A 1 0 542A 0 0 3
D0 4B 5 10F0 0 1 1360 0 0 21
7F 62 F5 A648 1 1 A648 0 0 21
D1 46 8C AA5A 0 1 AA5A 0 0 21
C A7 6 C4E3 0 0 C502 0 0 3
C9 81 9C 32C0 1 1 32C0 0 0 21
D3 5 AA C8FA 0 1 C8FA 0 0 21
9C 91 4C 7259 0 1 725C 0 0 21
23 AE A 45C8 1 0 45C6 0 0 3
1E BB 11 A491 1 1 A48A 0 0 21
B6 5D CA FF1C 0 0 FF1C 0 0 3
A6 E8 FC 8AE7 1 1 8AE7 0 0 21
19 F2 47 1FCB 1 1 1FCB 0 0 21
CD 9F 2 2F99 0 0 4F6D 0 0 3
30 32 3 F3FE 0 0 F52A 0 0 3
A3 DA 6 41E2 1 1 4244 0 0 21
DB 91 4 ABEF 1 1 ACEF 0 0 21
DE 59 4 8E6B 0 0 933D 0 0 3
38 E8 3 1967 0 1 1F0A 0 0 21
D7 CC 1 F8E5 0 0 4E8F 0 1 3
D7 5E 10 AF9A 1 0 AF9A 0 0 3
A9 61 11 159A 0 1 15D2 0 0 21
2C 94 C 9CCC 0 1 9CF9 0 0 21
95 CD 2 5F03 0 0 7CD7 0 0 3
76 E3 5 911C 0 0 9461 0 0 3
8E 4F 11 3241 1 0 3241 0 0 3
41 4 19 60FC 1 1 60FC 0 0 21
77 4 44 6B26 0 0 6B26 0 0 3
35 BC 9 A227 1 1 A1FB 0 0 21
81 59 F9 2275 0 0 2275 0 0 3
84 67 1 1C9 1 0 E8D7 0 0 3
D 1 2C E9A5 0 1 E9A5 0 0 21
4 FC B9 895F 1 0 895F 0 0 3
AE 6F 86 7AE5 0 0 7AE5 0 0 3
3C CA EC 9E6 1 1 9E6 0 0 21
44 CE D FAE5 0 1 FB37 0 0 21
AA 82 F2 C182 1 0 C182 0 0 3
3B BC B7 8B4D 0 1 8B4D 0 0 21
20 42 68 329B 1 1 329B 0 0 21
CB AD 90 1D31 0 0 1D31 0 0 3
5 4E 3 BE83 0 0 BEB3 0 0 3
3F F3 68 C8E4 1 1 C8E4 0 0 21
4A 44 DD A0EB 0 0 A0EB 0 0 3
76 E7 C1 1FED 1 0 1FED 0 0 3
2B D1 10 9EFB 0 0 9EFB 0 0 3
70 BB E0 31FD 1 0 31FD 0 0 3
C4 9E 1D 7F26 1 0 7F26 0 0 3
23 27 9C 9655 0 0 9655 0 0 3
17 91 7 A000 1 1 9FCC 0 0 21
29 79 ED DE9A 0 1 DE9A 0 0 21
C4 5F DD F63B 1 1 F63B 0 0 21
EC 81 70 1FF5 0 1 1FF7 0 0 21
DB 90 A3 ACD0 0 1 ACD1 0 0 21
5F BD 91 B941 0 0 B941 0 0 3
EC 46 B F9A0 1 1 F995 0 0 21
CA C2 FB 7CE8 0 0 7CE8 0 0 3
D3 B7 11 602A 1 0 602A 0 0 3
3B 80 3C FF4B 1 0 FF4B 0 0 3
ED 9 2 41C 0 1 631 0 0 21
E7 8D 1 8ACE 1 0 906B 0 0 3
34 A6 48 86EA 1 0 86EA 0 0 3
37 AB 85 5FBB 0 0 5FBB 0 0 3
91 E5 90 8807 1 0 8807 0 0 3
8C B4 9F 71A7 0 1 71A7 0 0 21
7B 69 B 3CA6 1 0 3CAC 0 0 3
41 97 DE D819 0 1 D819 0 0 21
7B D0 5E E20D 1 1 E20D 0 0 21
7E E8 2F 4C1C 1 0 4C1C 0 0 3
D 6A 11 7662 0 1 7666 0 0 21
C5 58 2 256B 0 1 3659 0 0 21
B5 3A F7 2CA6 0 1 2CA6 0 0 21
70 ED BB 6507 1 1 6507 0 0 21
6F 34 B 5E65 1 0 5E67 0 0 3
BF E5 10 EB3B 0 0 EB3B 0 0 3
50 4F F7 B703 0 1 B703 0 0 21
9C 26 3 CAB7 0 0 CD9C 0 0 3
54 F3 4 6DC9 1 0 6D85 0 0 3
73 DF C1 AD3E 1 1 AD3E 0 0 21
69 4C 29 EA22 1 1 EA26 0 0 21
63 F8 9 F441 1 1 F438 0 0 21
A8 47 C1 5715 0 0 5715 0 0 3
89 3F 42 D534 1 0 D534 0 0 3
D2 4C C C79F 0 0 C7A2 0 0 3
B7 A2 3 E0DC 0 1 EDBA 0 0 21
28 4B 2 929E 1 1 958C 0 0 21
FD 55 EA 8C3F 1 0 8C3F 0 0 3
8C C3 B 63A0 1 1 63DA 0 0 21
D8 CA 8 B636 0 0 B6E0 0 0 3
9F 84 6 127C 0 0 13C3 0 0 3
26 D3 97 B20A 0 0 B20A 0 0 3
98 6D 4 529E 0 0 56A9 0 0 3
FE 8C 9 1932 1 0 1932 0 0 3
4E 7 25 C4D0 1 1 C4D0 0 0 21
D9 18 A B4C3 1 0 B4C3 0 0 3
87 AC 27 9FC0 0 0 9FC0 0 0 3
C4 17 4 3F22 1 0 3ECC 0 0 3
C2 B7 C 3EA9 1 1 3EC8 0 0 21
40 D6 7 105D 0 0 10C8 0 0 3
1E 93 F 5F31 1 0 5F31 0 0 3
66 76 56 7AEC 0 1 7AED 0 0 21
1 83 9 E1E9 0 1 E1EA 0 0 21
96 BA 6 6B59 0 0 6D0C 0 0 3
43 8 E 9507 0 1 9509 0 0 21
D6 15 9 D5C9 0 1 D600 0 0 21
BF D7 49 1866 0 1 186D 0 0 21
5E D3 3B A5F9 1 1 A5F8 0 0 21
31 A1 3 5AAA 0 1 5E16 0 0 21
53 DD BB 1175 0 0 1175 0 0 3
D4 46 83 D7A8 1 1 D7A8 0 0 21
32 67 EB C95A 0 0 C95A 0 0 3
D4 1F A6 4F50 0 0 4F50 0 0 3
8B 10 D7 40ED 0 0 40ED 0 0 3
C1 22 C7 9C9A 1 0 9C9A 0 0 3
73 28 7E EA4C 0 1 EA4C 0 0 21
B6 E7 8 B332 1 1 B34E 0 0 21
FD B8 2 FCCD 0 1 2A43 0 1 21
9A 7A 32 5CCE 1 1 5CCA 0 0 21
30 60 C6 D913 0 1 D913 0 0 21
3B 3A 92 C509 0 1 C509 0 0 21
1C 26 1D 7B61 0 0 7B61 0 0 3
8D C2 4D 175D 0 0 175D 0 0 3
C2 5A 8 B3BF 1 0 B3AA 0 0 3
28 9C 11 CD6F 1 0 CD6F 0 0 3
39 7C 8 8641 0 0 865C 0 0 3
CE F1 5C A8E5 0 1 A8EA 0 0 21
30 F4 A1 5E72 1 0 5E72 0 0 3
53 5E A7 8F65 1 1 8F65 0 0 21
BB 82 A DE12 0 0 DE29 0 0 3
8 1 11 7991 0 1 7991 0 0 21
78 6D 2 590B 0 1 65D1 0 0 21
4A 25 4A 4F6B 1 1 4F6B 0 0 21
8E 7E 7 63 1 1 FF3E 0 0 21
E9 79 11 5935 1 0 5935 0 0 3
62 EE 91 D4FC 1 0 D4FC 0 0 3
69 73 9 A78 0 1 B0D 0 0 21
35 4A AF D796 1 1 D796 0 0 21
99 C3 7 49C0 1 1 4A40 0 0 21
58 8 BE 4ADA 0 1 4ADA 0 0 21
19 CF 28 DDE 1 0 DDE 0 0 3
13 95 5 AC6F 0 1 ACE0 0 0 21
8B FE E 72B6 1 1 72B7 0 0 21
EB 67 16 6B54 0 1 6B86 0 0 21
87 99 F4 BE18 0 0 BE18 0 0 3
26 90 4 B4F6 0 1 B64C 0 0 21
1D A0 8C DD54 1 0 DD54 0 0 3
97 8C 1 6256 0 1 B4EA 0 0 21
F4 B3 1 53B3 0 1 FE4F 0 0 21
D1 7F 11 A4A 0 1 AA5 0 0 21
84 C5 0 565D 0 1 0 1 0 3
80 43 A F931 0 0 F939 0 0 3
22 1D 20 A53E 1 0 A53E 0 0 3
2 54 0 6648 0 1 0 1 0 3
37 EB 90 3CC5 0 1 3CC5 0 0 21
CC AA 6 FE04 0 0 21 0 1 3
BF 8B 6 1833 0 1 1B14 0 0 21
EA 49 1 4E5A 0 0 6FB7 0 0 3
CB 68 22 79C 0 0 79C 0 0 3
AA B6 1 310D 1 0 3D7B 0 0 3
11 D F9 3474 0 1 3474 0 0 21
28 AE BE CA78 0 0 CA78 0 0 3
A0 6E FA 2D8F 1 0 2D8F 0 0 3
23 F7 11 ACF3 1 1 ACF2 0 0 21
9D BC B B88E 1 0 B891 0 0 3
1E B1 1 E7D 0 1 233B 0 0 21
98 ED 76 7D6A 1 0 7D6A 0 0 3
F6 2D C A1DB 1 1 A1D8 0 0 21
20 DD E5 FE98 1 1 FE98 0 0 21
A2 9E 5 1E75 0 1 2274 0 0 21
F5 75 10 F25B 1 0 F25B 0 0 3
67 53 E2 9D7B 1 1 9D7B 0 0 21
89 7D E2 2F15 0 1 2F15 0 0 21
60 54 11 C97E 0 0 C97E 0 0 3
79 BA A 8B1B 1 0 8B13 0 0 3
59 B A 4C25 1 0 4C25 0 0 3
D1 33 A E248 0 1 E2B2 0 0 21
B2 92 9A DD76 0 1 DD77 0 0 21
8C 7C A F282 0 1 F32F 0 0 21
5A 46 B4 7695 0 1 7695 0 0 21
18 E6 E 4DE4 0 0 4DE4 0 0 3
98 E2 8 3ECE 1 0 3EDA 0 0 3
E6 4A 0 1993 0 1 0 1 0 3
4A EE 1 188 0 0 23EE 0 0 3
32 6 76 1BB0 1 1 1BB0 0 0 21
BD E7 96 2DDA 0 0 2DDA 0 0 3
AA 8F 18 A3B2 0 1 A3DC 0 0 21
BB 6A 5 ED7C 1 1 EC58 0 0 21
A5 19 75 7FF6 0 1 7FF6 0 0 21
B4 6 2D FD39 0 1 FD39 0 0 21
2C CB 2 2626 0 1 2EDF 0 0 21
D0 2A E 557C 1 1 5572 0 0 21
66 CD 77 EA6C 0 0 EA6C 0 0 3
7B 2C B5 476A 1 1 476A 0 0 21
D1 33 AE 7CC1 1 1 7CC1 0 0 21
A5 7C A1 D6EA 0 1 D6EA 0 0 21
D0 2A 39 6A87 0 1 6A89 0 0 21
7E 56 9B 294F 0 0 294F 0 0 3
1A C7 A 5800 0 0 5805 0 0 3
83 1A 11 74DC 1 1 74D1 0 0 21
5C 81 BD 8A8A 0 0 8A8A 0 0 3
3D E 1 2331 0 1 2687 0 0 21
F4 81 1 5C23 0 0 999D 0 0 3
C2 B9 D C801 1 0 C801 0 0 3
B8 93 76 D5D1 1 0 D5D1 0 0 3
94 7C 5 6FA7 1 0 6E05 0 0 3
9F 49 AF EDE5 1 0 EDE5 0 0 3
9C 40 90 6E5B 1 0 6E5B 0 0 3
83 E9 F 1A68 0 1 1AEF 0 0 21
C7 86 3E 2369 0 0 2369 0 0 3
B7 C1 8E CD3 1 1 CD3 0 0 21
36 CF 5 E734 0 1 E8F3 0 0 21
FB FB D B5EC 0 1 B760 0 0 21
CC 6F 9 C093 0 0 C0BF 0 0 3
C7 DE 2F 70DF 1 0 70DF 0 0 3
CF 14 D5 28AE 0 1 28AE 0 0 21
98 69 FB 6D9A 1 0 6D9A 0 0 3
54 C0 8B D8D7 1 1 D8D7 0 0 21
D0 F4 E 2122 0 1 2224 0 0 21
58 9D E2 7632 0 1 7632 0 0 21
7E 2A AB FF87 0 0 FF87 0 0 3
C1 5D B 4109 1 0 4107 0 0 3
79 26 18 F1C5 0 1 F1CC 0 0 21
F4 DD 67 201D 0 1 2022 0 0 21
CC 3 5 7377 1 1 7371 0 0 21
18 F4 2 98C6 0 0 9E7E 0 0 3
3F 4A C 9284 0 0 9285 0 0 3
69 F5 8 6DBE 1 1 6DAC 0 0 21
D3 F8 9 4940 1 1 4944 0 0 21
C9 D1 D 4D47 1 0 4D47 0 0 3
73 AF 89 78BB 1 0 78BB 0 0 3
51 D2 15 1EBD 0 0 1EBD 0 0 3
BC 60 10 6931 1 1 6918 0 0 21
A3 80 11 CA58 0 0 CA58 0 0 3
A9 15 C 77F5 0 1 780D 0 0 21
C9 DE 58 2B48 0 1 2B4D 0 0 21
DA 3D E A339 0 0 A339 0 0 3
13 A9 E 7E9E 0 1 7EAE 0 0 21
17 B5 1 D09D 1 0 CD3F 0 0 3
17 2F 11 F42C 1 0 F42C 0 0 3
B6 A1 5B 944E 1 1 944E 0 0 21
BB A1 9F ACBE 1 1 ACBE 0 0 21
C 11 A4 A895 1 0 A895 0 0 3
BE CA 1 46E9 0 1 DCD5 0 0 21
30 2C EC CE65 1 1 CE65 0 0 21
6D F 10 F9F6 0 0 F9F6 0 0 3
F5 A4 7 5F85 0 1 62B9 0 0 21
1 C0 A5 F388 1 1 F388 0 0 21
47 FE 24 B0D6 1 0 B0D6 0 0 3
17 2B 79 4E94 1 1 4E94 0 0 21
C0 2E 4 839 0 0 A61 0 0 3
15 B9 2 E2BE 0 1 E689 0 0 21
CE 2B 1 732F 0 1 95C9 0 0 21
E2 34 9 1 1 1 FFEE 0 0 21
D6 F3 1 F45D 1 1 F67F 0 0 21
AE 5D F7 C95A 1 1 C95A 0 0 21
8B F6 C9 9C80 0 1 9C80 0 0 21
32 EE 23 AD11 0 0 AD11 0 0 3
8F 11 D 686F 0 1 687D 0 0 21
EC DB B D542 0 1 D6ED 0 0 21
13 36 87 9829 0 0 9829 0 0 3
5C C 8 6BA6 0 1 6BB7 0 0 21
5C 47 60 8E70 1 0 8E70 0 0 3
62 3A 0 311F 1 0 4753 0 0 3
70 4A 58 9E90 1 0 9E90 0 0 3
FF 30 C 1073 0 1 10C8 0 0 21
B3 B7 87 D495 0 0 D495 0 0 3
E5 C0 7E E713 0 0 E713 0 0 3
AF 1F 41 4C98 1 1 4C98 0 0 21
1A AD 5 56AA 1 1 5654 0 0 21
4F FB 10 E530 1 1 E52F 0 0 21
B0 A8 3 152E 0 0 239E 0 0 3
94 6 81 7A82 1 0 7A82 0 0 3
89 49 B 8DF5 0 0 8DF9 0 0 3
43 C5 3 CCFC 1 1 CB45 0 0 21
C2 67 C4 9650 1 1 9650 0 0 21
A0 C0 F7 F484 0 1 F484 0 0 21
F0 77 EF 74DD 0 0 74DD 0 0 3
33 A5 5 7A5F 1 0 79CE 0 0 3
14 2B B4 7F9B 1 1 7F9B 0 0 21
6F BB 6 247D 1 0 2406 0 0 3
57 E3 4D 6311 1 1 6311 0 0 21
89 52 9 5AC3 1 1 5A4B 0 0 21
8D C3 6A 1754 1 0 1754 0 0 3
DC 44 6 E525 1 1 E4E1 0 0 21
41 9F 11 3842 0 0 3842 0 0 3
40 A9 F E58 0 0 E58 0 0 3
4E A5 8 21CC 0 1 2295 0 0 21
E 38 F DF72 0 0 DF72 0 0 3
CD D4 10 9A4A 1 1 9A52 0 0 21
18 10 0 341A 0 1 0 1 0 3
0 16 E1 A9FD 1 1 A9FD 0 0 21
1D 41 5 1583 0 1 15CE 0 0 21
DC 40 D4 CE28 0 0 CE28 0 0 3
3C AE B 40B 0 0 410 0 0 3
20 9D 6A CE74 1 1 CE74 0 0 21
B3 78 D 79E5 1 0 79E4 0 0 3
AA 2E 35 3148 0 0 3148 0 0 3
86 AD B C6FE 1 0 C702 0 0 3
CA A2 61 B3B4 0 0 B3B4 0 0 3
57 1E 1 C5 0 0 5DE 0 0 3
D8 83 8 974B 1 0 975E 0 0 3
66 E2 7 46E9 0 0 479D 0 0 3
ED 5A 11 E358 1 0 E358 0 0 3
F9 3D 72 4F0F 1 1 4F0F 0 0 21
30 BE 7 3606 0 1 36C0 0 0 21
87 D5 8E 6FD2 1 0 6FD2 0 0 3
CA E6 5 13BD 0 1 1AFF 0 0 21
D4 6D 9 64F4 1 0 64EB 0 0 3
41 68 E 66CD 1 0 66CD 0 0 3
2C C7 F 4DEF 0 0 4DEF 0 0 3
CC C 9 D86F 1 1 D868 0 0 21
E8 E8 1D F206 0 1 F246 0 0 21
57 AA E9 4F7C 0 1 4F7C 0 0 21
99 77 9 3EA2 1 0 3E8B 0 0 3
80 1 AF 5417 1 1 5417 0 0 21
8D 77 0 4533 0 1 0 1 0 3
2C DA 6 A58B 1 1 A55D 0 0 21
17 3E 54 60E9 0 1 60E9 0 0 21
79 F6 11 87D5 0 0 87D5 0 0 3
40 58 2 D066 0 0 D5E6 0 0 3
6 D5 E EC8E 0 0 EC8E 0 0 3
1A 5 9 43FF 0 0 43FF 0 0 3
E3 D3 2C 3ED5 0 0 3ED5 0 0 3
F0 C0 E A317 0 0 A319 0 0 3
78 FC 10 9E9 1 0 9E9 0 0 3
92 77 FF 1B92 0 1 1B92 0 0 21
53 E1 9 B145 0 0 B169 0 0 3
8F 3B E9 E1D4 0 0 E1D4 0 0 3
E9 E6 68 EA7A 0 0 EA7A 0 0 3
99 C3 2 68D8 0 1 85FA 0 0 21
D2 4 7 1291 1 1 128E 0 0 21
27 DC 5A 2ED4 0 0 2ED4 0 0 3
71 95 5B 14C7 1 0 14C7 0 0 3
7D 4D FA BAF9 1 1 BAF9 0 0 21
96 32 57 DCCF 0 1 DCCF 0 0 21
AC 8 9 5595 0 1 55A5 0 0 21
DF BC 10 B35F 0 0 B35F 0 0 3
C1 84 BB 6D26 1 0 6D26 0 0 3
7E 6E 5 B8C7 1 1 BAF1 0 0 21
97 36 1 1F1D 1 1 8F7 0 0 21
D1 87 20 41AE 1 0 41AE 0 0 3
D0 5E DC 5504 1 0 5504 0 0 3
DF BE 80 2E72 1 0 2E72 0 0 3
25 3D 3 3135 1 0 324F 0 0 3
CE 3A D 6894 0 0 6895 0 0 3
92 32 10 7AB1 0 1 7ACD 0 0 21
CF 37 82 3422 0 1 3422 0 0 21
F3 34 11 91C8 0 0 91C8 0 0 3
C5 E5 9 4CEF 1 1 4D02 0 0 21
BF C1 3F BBE7 0 0 BBE7 0 0 3
F3 26 0 5E89 1 0 5C9B 0 0 3
3E 0 CC 4382 1 0 4382 0 0 3
17 6C 4 20CE 1 0 2169 0 0 3
64 A1 1B 749D 1 0 749D 0 0 3
7E 65 25 72BC 0 0 72BC 0 0 3
F 43 6 600F 1 0 601E 0 0 3
86 10 48 80 0 0 80 0 0 3
A8 28 9 DAEC 1 0 DAE6 0 0 3
EF A2 E 227 0 1 2EC 0 0 21
4D 13 F9 2072 0 0 2072 0 0 3
7B BB 0 AB8C 0 1 0 1 0 3
D7 A1 C B4AD 1 1 B4C8 0 0 21
E2 F0 9 4D9F 0 1 503C 0 0 21
CB 67 E8 1F17 1 1 1F17 0 0 21
80 B0 E CFE8 1 1 D01C 0 0 21
C1 A5 2 3C54 0 1 5B6D 0 0 21
A0 E5 2 4CA 1 0 752 0 0 3
E4 CA 8A EA02 0 0 EA02 0 0 3
6A C 4 8C7F 1 0 8CCE 0 0 3
5A 74 F 4 0 1 32 0 0 21
30 DB D 6C4E 1 0 6C4E 0 0 3
C 60 6 106 0 0 118 0 0 3
C4 D5 C8 8F95 1 0 8F95 0 0 3
4A 84 11 2890 0 1 28B1 0 0 21
4F 1A C 3C96 1 0 3C96 0 0 3
DF 1 E 8B03 1 0 8B03 0 0 3
13 84 9 B997 0 1 B9B5 0 0 21
E9 D0 11 EB21 1 0 EB21 0 0 3
4 B1 E 3847 0 0 3847 0 0 3
24 30 3 8C79 1 0 8D51 0 0 3
5A E8 7 EA80 1 1 EA54 0 0 21
33 DD 10 6C17 0 1 6C43 0 0 21
F 26 54 84BA 1 1 84BA 0 0 21
A F 1 EDB4 1 0 EDFF 0 0 3
F0 37 C 6FCB 0 1 7026 0 0 21
86 8A 5 A959 1 0 AB1A 0 0 3
19 4F EB D048 1 0 D048 0 0 3
C3 99 B C55B 1 0 C55E 0 0 3
E8 D1 10 BB27 1 0 BB27 0 0 3
36 27 13 9010 1 0 9010 0 0 3
6A 8C 2 7754 0 1 85D2 0 0 21
AB AB 8 6A46 1 0 6A62 0 0 3
EA A5 6 DE70 0 0 E0CB 0 0 3
F8 9 6D 3D50 1 1 3D50 0 0 21
47 81 8 FCDE 1 0 FCBB 0 0 3
92 B6 0 512C 0 1 0 1 0 3
2F 17 C 5E3B 0 1 5E42 0 0 21
BF 75 5D 3A2D 0 0 3A2D 0 0 3
2 BF 7 C929 1 0 C928 0 0 3
39 9B 74 F950 1 0 F950 0 0 3
1A 7B 5 2BB 1 1 33A 0 0 21
C6 A0 5 DD61 1 0 DE0F 0 0 3
BC 78 3 7499 1 1 710F 0 0 21
16 5B 1E 3D0A 0 0 3D0A 0 0 3
E 5C C 4255 1 1 425D 0 0 21
86 39 A 4601 0 1 464D 0 0 21
9C 1F E 6DE 0 1 6F6 0 0 21
A1 4F 60 BE67 1 1 BE67 0 0 21
E0 CC 10 A29B 0 1 A34D 0 0 21
AA 2B 65 9E6D 0 0 9E6D 0 0 3
A9 D6 91 5587 0 0 5587 0 0 3
E2 B0 5E 4CF6 1 0 4CF6 0 0 3
71 68 3 B526 1 1 BA3F 0 0 21
53 65 46 3133 0 1 3134 0 0 21
88 1C 6 A927 1 1 A8CA 0 0 21
70 8A 6 B4B3 1 1 B344 0 0 21
BB 82 4 BA04 0 1 BFF3 0 0 21
A4 CD 9 DB58 0 1 DCF7 0 0 21
31 55 A E809 0 1 E832 0 0 21
87 21 98 F2CA 1 1 F2CA 0 0 21
D4 DE 12 DA89 1 1 DA8D 0 0 21
AF F6 1D 5F4F 0 1 5F82 0 0 21
65 C6 B 36C1 0 0 36CA 0 0 3
F F0 5C 372D 1 0 372D 0 0 3
43 6F AB FB05 0 0 FB05 0 0 3
29 80 45 1C6C 1 0 1C6C 0 0 3
69 2C D6 FF6 1 1 FF6 0 0 21
8A 5D EE 1B18 0 0 1B18 0 0 3
72 60 9 970A 1 1 9791 0 0 21
2 4B B3 D215 0 0 D215 0 0 3
18 E6 DE 9476 1 0 9476 0 0 3
D2 F7 5 5B38 0 0 618C 0 0 3
2F 22 E 8858 0 0 8858 0 0 3
CD 4B 0 5B0D 1 1 0 1 0 3
52 B5 BE 28F2 1 0 28F2 0 0 3
97 B9 7 A750 0 0 A82A 0 0 3
EA E4 E D27C 1 0 D27C 0 0 3
D6 39 A4 6D5F 0 1 6D5F 0 0 21
32 37 9 201C 0 0 2021 0 0 3
61 85 2 5953 0 1 65EC 0 0 21
98 F7 E 454B 0 0 454D 0 0 3
83 8C 7 2E56 1 1 2F7D 0 0 21
FF 9E 1 5EDC 0 0 AD8D 0 0 3
DB 30 E3 7663 1 1 7663 0 0 21
9E 69 B AC14 1 0 AC0F 0 0 3
65 50 0 FE37 0 0 1DC7 0 1 3
B C1 1A F321 1 0 F321 0 0 3
3B C0 F C8FF 1 1 C8EF 0 0 21
A8 F9 A6 BCEA 1 0 BCEA 0 0 3
C6 BE 4 557C 0 1 5EAB 0 0 21
B1 70 8 D240 1 1 D1B6 0 0 21
9C 97 6D 197F 0 1 1980 0 0 21
12 74 FB 8307 1 0 8307 0 0 3
A7 E9 13 BC48 0 0 BC48 0 0 3
7F EF D DECF 0 0 DED2 0 0 3
E2 F2 F4 BA37 1 1 BA37 0 0 21
1F 90 CD 68B 0 1 68B 0 0 21
75 E3 F AC9F 0 0 AC9F 0 0 3
1F B7 5 9F33 1 1 9ED9 0 0 21
8A 7D B DFC9 1 1 DF50 0 0 21
5A 3D B 97D3 0 1 9800 0 0 21
88 34 10 A9C9 0 1 A9E4 0 0 21
F5 30 1 D3B8 1 0 D2B0 0 0 3
C4 40 F DC55 0 1 DC8C 0 0 21
28 DA 9 4D8E 0 1 4DF9 0 0 21
8 E1 7 378F 0 1 37B3 0 0 21
E9 6D 4 F4B8 1 1 F41C 0 0 21
CC 56 BD 15AF 0 1 15AF 0 0 21
F6 1 3 10D9 1 1 10D8 0 0 21
9C BF E 82D9 1 1 82FA 0 0 21
6A 59 11 927D 0 0 927D 0 0 3
CC 69 CF 75D7 0 0 75D7 0 0 3
21 74 72 D7A5 1 1 D7A5 0 0 21
7E 79 C 5B4D 0 0 5B50 0 0 3
DB 2A F0 AB73 0 1 AB73 0 0 21
4B 8F A 49BF 0 1 4A2A 0 0 21
2A DC 2 8F9A 1 1 8E20 0 0 21
C2 7C 6F 5481 0 1 5482 0 0 21
EC 9F 96 E6F3 1 1 E6F3 0 0 21
D2 61 2 6CE6 0 0 80CA 0 0 3
BF DE 8 350B 0 0 35B0 0 0 3
32 51 1 ADEE 1 0 B5D7 0 0 3
29 2A 1F 65B8 1 1 65B9 0 0 21
F7 FA 3 D31A 0 1 EDE7 0 0 21
56 25 C6 43C8 0 1 43C8 0 0 21
D7 A0 A7 4BF7 1 0 4BF7 0 0 3
24 5D B 9851 0 0 9852 0 0 3
F E9 5C 8501 0 1 8501 0 0 21
62 E5 0 A720 0 0 FECA 0 0 3
A3 89 83 3C9B 1 1 3C9B 0 0 21
66 DF 3 98EE 0 0 A409 0 0 3
51 68 9D 35D7 0 0 35D7 0 0 3
28 83 84 A646 1 0 A646 0 0 3
AA 1E A3 9C4 0 0 9C4 0 0 3
2E D1 B4 8287 1 0 8287 0 0 3
C5 3F 3 9ED7 1 1 9D3A 0 0 21
34 EC A 219B 0 0 21A6 0 0 3
60 85 0 15C3 1 1 0 1 0 3
69 45 F2 E93A 1 1 E93A 0 0 21
CA 53 4 B35D 0 0 B774 0 0 3
B7 51 2 721D 0 0 8096 0 0 3
A7 5A 9D 6968 0 1 6968 0 0 21
EA 7D 11 3C75 1 0 3C75 0 0 3
A6 B7 42 6A7C 0 1 6A82 0 0 21
76 F 11 3389 0 0 3389 0 0 3
E7 E8 8 324E 1 0 3250 0 0 3
8E 73 C A3BA 0 1 A42B 0 0 21
6A E8 3 FA11 1 0 F8D3 0 0 3
A4 E 3 91FB 1 1 916C 0 0 21
ED D7 BF 65A3 1 1 65A3 0 0 21
29 DC 4D B536 0 0 B536 0 0 3
B2 48 C2 7713 0 1 7713 0 0 21
BB 21 E0 403E 0 1 403E 0 0 21
14 59 9 B881 1 0 B884 0 0 3
A9 26 E 3042 0 0 3042 0 0 3
4C 5C C 2E4 0 0 2E5 0 0 3
D5 3C BD FD96 1 0 FD96 0 0 3
41 5D B8 20B9 0 0 20B9 0 0 3
6E A2 AD 86A0 1 1 86A0 0 0 21
B8 52 F 7316 0 1 7359 0 0 21
2D F2 54 5DF9 1 1 5DF9 0 0 21
56 48 69 2BAD 0 1 2BAD 0 0 21
48 11 19 C187 0 1 C188 0 0 21
15 E2 7 197E 1 1 1972 0 0 21
7A EE 3B CC2A 1 1 CC2A 0 0 21
AC 8D CF D61B 0 0 D61B 0 0 3
F9 80 1 A10B 0 1 1D8B 0 1 21
FD D4 7F 454C 0 0 454C 0 0 3
9E 47 B F3C7 1 0 F3C4 0 0 3
49 DC 58 351 0 0 351 0 0 3
B2 DA 17 F691 0 1 F6DA 0 0 21
92 46 F AD25 1 1 AD03 0 0 21
B9 D7 B6 995 1 1 995 0 0 21
FA DC CD F3C2 1 1 F3C2 0 0 21
E3 BA 49 1DD9 0 1 1DE0 0 0 21
6F EF 11 7347 1 0 7347 0 0 3
4B 8D B2 4A5B 0 0 4A5B 0 0 3
30 5E AA BB9F 1 1 BB9F 0 0 21
8 9F 11 DECC 0 0 DECC 0 0 3
B8 FF D 6B70 1 0 6B70 0 0 3
C8 F0 D6 97C1 1 1 97C1 0 0 21
DE D8 D4 4742 0 1 4743 0 0 21
26 4E CC 4194 0 1 4194 0 0 21
E0 B9 A E2C6 1 1 E2DC 0 0 21
30 C6 0 4108 0 1 0 1 0 3
59 3D 6 7C0B 0 1 7CA1 0 0 21
F1 B3 5 E7CA 0 0 ED0E 0 0 3
CD AE 29 3143 0 0 3143 0 0 3
DF E5 38 DC96 1 0 DC96 0 0 3
5C BE F6 8CCA 1 1 8CCA 0 0 21
32 F8 9 4240 0 0 4258 0 0 3
13 58 8 5D95 1 1 5DAF 0 0 21
49 C0 9D CDFE 0 1 CDFE 0 0 21
74 83 0 64BE 0 0 A01A 0 0 3
27 9C 1 FD96 0 1 155A 0 1 21
33 9F 33 57A9 0 1 57AC 0 0 21
5 FD EC 4617 1 1 4617 0 0 21
64 60 11 5618 1 0 5618 0 0 3
57 76 C8 7DAD 0 0 7DAD 0 0 3
F9 DC E0 3D6E 0 1 3D6F 0 0 21
9B AD 75 92AD 1 1 92AD 0 0 21
C5 8B B DB49 1 1 DB82 0 0 21
31 66 66 9A46 1 0 9A46 0 0 3
6 B7 2D FB9F 1 0 FB9F 0 0 3
B 5 24 7433 1 0 7433 0 0 3
EA C3 C 4971 0 0 497C 0 0 3
CD 11 CB B6A6 1 1 B6A6 0 0 21
81 2D EC 42A3 1 0 42A3 0 0 3
D6 FF B C72D 1 0 C72D 0 0 3
EE 9A 85 3DC0 1 1 3DC0 0 0 21
DE 88 10 12C8 0 0 12C8 0 0 3
54 41 11 B3A7 0 0 B3A7 0 0 3
CC F8 9 62C8 1 0 62C8 0 0 3
23 5 F 64A6 0 1 64A6 0 0 21
84 3C 3F 535B 0 0 535B 0 0 3
C6 C4 90 C317 0 1 C318 0 0 21
91 2F 9 BD17 1 0 BD0D 0 0 3
EA AA 11 AD91 0 0 AD91 0 0 3
C2 F7 CA 1C9D 1 1 1C9D 0 0 21
20 E4 10 A8F 0 0 A8F 0 0 3
78 A 9C 5E95 0 1 5E95 0 0 21
1B B9 7 41F2 0 1 4257 0 0 21
30 C1 E 4494 1 1 4485 0 0 21
D2 64 C 5D09 1 1 5CEA 0 0 21
24 85 C E587 0 1 E5A8 0 0 21
C5 AA 58 62F4 0 1 62F8 0 0 21
4A 9C 3 934C 1 0 8FAF 0 0 3
34 B4 E 9AF8 0 1 9B27 0 0 21
89 F5 8 B109 0 0 B18C 0 0 3
1E 2F 11 DA15 0 0 DA15 0 0 3
16 61 1 8C76 0 1 94CC 0 0 21
B9 A0 B 14F1 1 0 14F4 0 0 3
B6 8C AF 157D 1 0 157D 0 0 3
16 54 6C 45BC 0 1 45BC 0 0 21
72 AC C D56F 1 0 D56D 0 0 3
49 13 64 AB49 0 1 AB49 0 0 21
81 6 CA 40DA 1 0 40DA 0 0 3
1B 74 7F 22B7 0 1 22B7 0 0 21
A1 5C 49 FB7E 0 1 FB80 0 0 21
C0 FA 8E 3BBC 0 0 3BBC 0 0 3
50 30 5 52E8 0 0 5360 0 0 3
C5 8F 0 5CDE 0 0 CAE9 0 0 3
23 D4 34 CE2D 1 0 CE2D 0 0 3
D8 F5 0 A04A 1 1 0 1 0 3
F3 46 11 6A45 1 0 6A45 0 0 3
38 8B A 8E78 0 1 8EC5 0 0 21
57 A8 C 1A5A 1 0 1A59 0 0 3
C2 A4 B C69C 1 0 C69E 0 0 3
6A 42 B 8576 0 0 8579 0 0 3
E8 7B 1C 5517 1 1 5514 0 0 21
B 94 F 9C4F 1 1 9C4A 0 0 21
6 83 11 1F67 0 0 1F67 0 0 3
22 AC 9 5EB6 1 0 5EB1 0 0 3
20 FF 6 C3FA 0 1 C4DC 0 0 21
2 F6 6 F9B7 1 1 F9B7 0 0 21
A A8 F 8974 1 1 8971 0 0 21
80 26 11 8A0C 0 0 8A0C 0 0 3
34 A1 C0 D512 1 1 D512 0 0 21
39 EF 47 8B01 1 0 8B01 0 0 3
97 94 3 798B 1 1 7E77 0 0 21
E9 69 62 464E 1 0 464E 0 0 3
37 E0 41 F650 1 0 F650 0 0 3
63 77 2 813E 0 0 8CBF 0 0 3
6A 2D DC 131E 1 1 131E 0 0 21
92 DD 10 E562 0 1 E5E0 0 0 21
AF 1B 9C 5C6B 0 1 5C6B 0 0 21
9F 8F C6 88D6 0 0 88D6 0 0 3
45 82 6 250D 0 0 2599 0 0 3
D6 79 D4 7700 0 1 7700 0 0 21
0 5 19 D768 0 1 D768 0 0 21
5E 4 10 9476 1 1 9477 0 0 21
EA 6D FA FDB1 1 1 FDB1 0 0 21
17 99 1 A6AB 1 1 9D6A 0 0 21
1C 4A D0 17 0 0 17 0 0 3
37 C 8 73AC 1 0 73AE 0 0 3
64 88 D4 8324 0 1 8324 0 0 21
10 3E 10 E74E 1 1 E751 0 0 21
F4 32 B 13C0 0 1 1424 0 0 21
C9 4F 3 81F5 1 1 8013 0 0 21
B4 D1 B 145B 0 1 1591 0 0 21
53 C6 3 4F27 0 0 572D 0 0 3
C4 E3 11 51CE 1 1 51D4 0 0 21
5B BF 76 3121 0 1 3122 0 0 21
67 7E 7 2932 1 1 2A3A 0 0 21
73 70 F 3DB2 0 0 3DB2 0 0 3
1D F5 E 95C1 1 1 95C0 0 0 21
65 11 F 1DA2 0 0 1DA2 0 0 3
A1 2D 8 7B3F 1 0 7B2F 0 0 3
6C F1 9B 3565 0 0 3565 0 0 3
84 53 A1 7AC3 1 1 7AC3 0 0 21
21 E0 7E A1E 1 1 A1E 0 0 21
2F B 75 B018 0 0 B018 0 0 3
33 8D 9 E9F3 0 1 EA4B 0 0 21
66 B0 3 6873 1 0 6477 0 0 3
64 89 9E 24D3 1 1 24D3 0 0 21
2E 3 0 CA8D 0 1 0 1 0 3
55 78 8 FD3C 1 1 FDDB 0 0 21
48 C3 7 C383 0 0 C3F0 0 0 3
4B 87 E 9EB2 0 0 9EB2 0 0 3
77 9D EF D90D 1 1 D90D 0 0 21
30 2 86 1A9E 0 1 1A9E 0 0 21
AD 86 1E D810 0 0 D810 0 0 3
A2 5C 36 85CA 1 0 85CA 0 0 3
75 76 6 CB3F 0 1 CCBE 0 0 21
E5 48 66 2059 0 1 205A 0 0 21
21 3B 9 F0C4 0 1 F0DC 0 0 21
9 35 3 AB46 1 0 AB81 0 0 3
69 A F 4643 0 1 4647 0 0 21
13 C4 11 C59 0 1 C65 0 0 21
E6 16 B0 C1A7 1 1 C1A7 0 0 21
4C F8 C2 63EF 1 0 63EF 0 0 3
14 44 2B DD25 0 0 DD25 0 0 3
43 62 37 14AD 0 1 14AF 0 0 21
41 E4 1 F5B2 1 0 F224 0 0 3
F0 3E 7 F12A 1 1 F116 0 0 21
40 6D 12 D08B 0 1 D0A0 0 0 21
A8 6F 1 4604 1 1 1FDC 0 0 21
6D B9 6 BD61 0 1 BF91 0 0 21
6E 33 0 C7FE 0 1 0 1 0 3
56 78 A 688C 1 0 6896 0 0 3
67 A9 5 916C 0 0 938B 0 0 3
A7 C8 E5 5AE 0 1 5AE 0 0 21
47 B0 B 5F40 1 1 5F12 0 0 21
29 9B F 6865 0 0 6865 0 0 3
B8 58 EC B377 1 1 B377 0 0 21
1C 9A 3 456 1 0 2F1 0 0 3
6C 2 E6 8BC6 1 0 8BC6 0 0 3
92 83 B A1F0 1 0 A1F6 0 0 3
7 44 8 ECBE 0 0 ECBF 0 0 3
7E 81 9D 45DF 1 1 45DF 0 0 21
90 B2 2F C320 1 0 C320 0 0 3
6D 18 22 F286 1 0 F286 0 0 3
E8 DF E EF1C 1 0 EF1C 0 0 3
9 30 3 7CE4 0 0 7D1A 0 0 3
7B E5 4 DE8B 1 0 DDBC 0 0 3
9E 56 D6 33D9 1 1 33D9 0 0 21
E 4 8 202 0 0 202 0 0 3
BB AB 11 73FE 1 1 7412 0 0 21
EA 8B 10 4169 1 0 4169 0 0 3
AE 1 B 16 0 0 16 0 0 3
CB BA 4 C1CE 0 1 CB05 0 0 21
A5 8D 7 B1F1 0 1 B3CB 0 0 21
89 D2 7A 7351 0 0 7351 0 0 3
BD 1E C2 2325 0 1 2325 0 0 21
F7 C9 67 5CDE 1 1 5CDE 0 0 21
F6 D9 C4 E2C6 0 1 E2C7 0 0 21
F4 44 8 2507 0 0 2547 0 0 3
2F B9 1A 92E9 0 1 92F5 0 0 21
70 F2 5 DFDC 0 0 E32B 0 0 3
A4 CE 4A E922 0 0 E922 0 0 3
78 3C 5 A769 1 0 A84A 0 0 3
96 CC B C8D0 1 0 C8D2 0 0 3
A4 53 4 C8D0 1 1 C6F3 0 0 21
8E AF 7 56E6 0 0 57A8 0 0 3
A7 9A 2 D531 0 0 EE4E 0 0 3
71 5F 5 78CC 0 1 7A79 0 0 21
DF 60 A8 50CC 0 0 50CC 0 0 3
B6 CE 7 CCEB 1 0 CD07 0 0 3
BE 2B 1A EFD2 0 0 EFD2 0 0 3
9C C3 5 716D 0 1 762D 0 0 21
53 E2 7 7709 0 1 7887 0 0 21
B9 C1 1 52D9 1 1 6452 0 0 21
EA A1 9 36B2 1 1 36CB 0 0 21
2D 97 8 2CF1 1 1 2CA8 0 0 21
92 FD 9 89E7 0 0 8A2F 0 0 3
E3 30 2 4CEA 0 1 578E 0 0 21
A3 6C 0 4051 0 0 8515 0 0 3
6C 98 B 6668 1 0 6663 0 0 3
87 44 5 1CB3 0 1 1E22 0 0 21
FF 97 0 DFEC 1 0 E055 0 0 3
D5 83 57 A24 0 0 A24 0 0 3
EA AF 66 3535 1 1 3535 0 0 21
57 84 B8 B0E8 1 0 B0E8 0 0 3
B8 DD 53 CBFD 0 0 CBFD 0 0 3
7D 9C 11 8E94 1 0 8E94 0 0 3
F7 3F 7 8A38 0 0 8AB1 0 0 3
A0 7F BA B7AF 0 1 B7AF 0 0 21
D9 7B 0 DB3B 0 1 0 1 0 3
2D 74 85 3146 1 1 3146 0 0 21
A8 64 C3 3887 0 1 3887 0 0 21
C3 A8 10 EC32 0 0 EC32 0 0 3
2C 74 98 6164 1 0 6164 0 0 3
A5 AF C A73 1 1 AA6 0 0 21
33 70 CC 982B 1 1 982B 0 0 21
64 61 2 DB9E 1 0 E517 0 0 3
E7 F D C12B 0 1 C13F 0 0 21
13 20 1 1343 1 1 15A3 0 0 21
11 C3 E FE2C 0 1 FE3C 0 0 21
23 48 3E C59E 1 1 C59E 0 0 21
A9 18 B1 846E 1 1 846E 0 0 21
CF 7D BD 726F 1 1 726F 0 0 21
FF F7 51 C95 1 0 C95 0 0 3
67 3E 20 F553 0 1 F559 0 0 21
81 C2 77 7210 0 1 7211 0 0 21
F8 F6 53 9DD 0 1 9E5 0 0 21
0 3D A6 18F3 1 0 18F3 0 0 3
4 32 3E A6A6 1 0 A6A6 0 0 3
49 89 D2 3B35 1 0 3B35 0 0 3
0 36 6 CACF 0 0 CACF 0 0 3
2A 7E B1 955 1 0 955 0 0 3
BF DC 9 64FB 1 0 64FF 0 0 3
F2 96 DD 6096 1 0 6096 0 0 3
21 53 9 1154 1 0 1159 0 0 3
6D BE 68 DC0C 1 0 DC0C 0 0 3
2A 23 D 9DBD 0 1 9DC5 0 0 21
51 FC 10 CFC4 0 1 D013 0 0 21
B4 F6 8E 1C9B 1 0 1C9B 0 0 3
83 78 2 70A6 0 1 8000 0 0 21
DA CD 7 D5E5 1 1 D60C 0 0 21
65 8E 5 8E86 1 0 8D1F 0 0 3
E1 41 C9 996 0 0 996 0 0 3
2A B6 B A537 0 1 A576 0 0 21
94 5C 3 74DF 1 0 7005 0 0 3
CB 63 CB FD77 0 1 FD77 0 0 21
15 75 25 ADCC 0 0 ADCC 0 0 3
4F 2E C 6128 0 0 6128 0 0 3
FA 81 4C 742E 1 0 742E 0 0 3
C0 CD 34 66C1 1 1 66C2 0 0 21
A7 64 6 28F9 1 0 286E 0 0 3
A4 31 D C2A4 1 0 C2A4 0 0 3
C8 A7 5 FF8C 1 1 53 0 0 21
F6 3D 80 6AF6 0 0 6AF6 0 0 3
56 61 7 2636 1 1 26E0 0 0 21
37 FB C2 F71 0 0 F71 0 0 3
1E C7 F 2EF0 0 1 2F0A 0 0 21
C9 B8 7 4F5 0 0 615 0 0 3
63 A1 A EF53 1 1 EEF5 0 0 21
F5 CD 4 34C4 0 1 4107 0 0 21
A2 80 B 58F3 1 1 5956 0 0 21
D4 86 BC 48AA 0 0 48AA 0 0 3
29 7 3 577D 0 0 57A0 0 0 3
A8 CE 42 5EE3 1 1 5EE4 0 0 21
F7 AC 5 E96E 0 1 F011 0 0 21
26 5A D 4664 0 1 4678 0 0 21
9 DF 5 D21C 0 1 D26C 0 0 21
A0 E8 E E7FA 1 1 E805 0 0 21
16 C2 D3 A3AC 0 1 A3AC 0 0 21
C1 AF 9C F860 1 1 F860 0 0 21
9 E4 5 213F 1 0 2138 0 0 3
13 1B 6A A53D 0 0 A53D 0 0 3
E8 7A 80 E8AC 0 1 E8AD 0 0 21
A3 79 D 823B 1 0 823A 0 0 3
43 3 A 2BD0 1 1 2BD2 0 0 21
66 F9 1A B41E 1 1 B41D 0 0 21
7B 17 2E 357F 1 1 3580 0 0 21
5C EA 8C 2CF5 1 1 2CF5 0 0 21
26 AB F2 9A8 0 0 9A8 0 0 3
AD 83 E D409 0 1 D47C 0 0 21
81 41 5 7F90 1 0 7E8F 0 0 3
B AB B 99B8 0 1 99C7 0 0 21
B9 F A 7B8B 1 0 7B8A 0 0 3
29 EF 10 F51D 1 0 F51D 0 0 3
A1 AB 18 9F84 0 1 9FB3 0 0 21
2A E0 45 D4ED 0 0 D4ED 0 0 3
7 BA 0 DCB4 0 1 0 1 0 3
BD 80 0 B04B 1 0 D1CB 0 0 3
5A 0 2F 3ADF 1 1 3ADF 0 0 21
5 62 C C387 0 0 C387 0 0 3
E2 B8 E 80CE 1 1 80D9 0 0 21
37 2F CB D371 0 1 D371 0 0 21
F4 2A 2 FF81 0 1 983 0 1 21
FD A3 CE 1896 1 1 1896 0 0 21
34 47 4 C203 0 0 C2E9 0 0 3
F0 A8 F F03B 1 0 F03B 0 0 3
68 3E 2 E341 1 0 E98D 0 0 3
1A AF 1A A056 0 1 A05C 0 0 21
9F C3 9 DAB4 0 0 DAF0 0 0 3
66 2D 54 25FD 0 1 25FD 0 0 21
71 89 15 ADBC 0 1 ADDF 0 0 21
F1 F 2A DFDD 0 1 DFDF 0 0 21
FA 29 B 68EC 1 1 68EA 0 0 21
37 B5 A5 AB77 0 1 AB77 0 0 21
B0 20 80 CFA3 0 0 CFA3 0 0 3
52 AC FA 9DBA 0 0 9DBA 0 0 3
C6 14 D2 F59E 1 1 F59E 0 0 21
3C 82 6B ED8D 1 1 ED8D 0 0 21
85 8B 7 A8C1 1 0 A931 0 0 3
C7 E 4 49A2 1 1 4971 0 0 21
2 9E 1 94E0 0 1 961C 0 0 21
3B 26 6B ED24 0 0 ED24 0 0 3
1B 86 11 31EA 1 0 31EA 0 0 3
42 15 A B747 0 0 B748 0 0 3
6E 8F B7 FD3C 0 1 FD3C 0 0 21
88 8E 9F 9775 1 0 9775 0 0 3
2F 68 E2 98B6 1 1 98B6 0 0 21
8C D F 8D27 1 0 8D27 0 0 3
29 86 11 6CB3 1 1 6CA2 0 0 21
76 1D 4 1579 0 0 164E 0 0 3
CD 4D 6 2365 1 0 2328 0 0 3
14 65 54 A469 1 0 A469 0 0 3
4C E0 2 38B1 1 1 3651 0 0 21
90 A3 6C D383 1 1 D383 0 0 21
5D A6 E B7A3 1 0 B7A3 0 0 3
CE D7 D C2E8 0 0 C2ED 0 0 3
36 A9 6D 8DE 0 0 8DE 0 0 3
9D 7E 5 E17D 1 1 DF8B 0 0 21
35 FF D 55A3 1 1 55A3 0 0 21
88 4D 11 6F99 0 0 6F99 0 0 3
F4 65 2D 85B7 0 1 85C3 0 0 21
FB BE 5 FE9B 1 0 FEA5 0 0 3
38 56 9D 39D4 0 0 39D4 0 0 3
EA 5E 6 244 1 0 224 0 0 3
94 AC 21 4F3E 0 0 4F3E 0 0 3
36 77 25 6384 0 0 6384 0 0 3
47 87 6 7465 1 0 73DF 0 0 3
6E DC 4 8934 0 1 8F1C 0 0 21
6E 3C 2 9FE6 1 1 A658 0 0 21
EB BF 9 9654 1 1 9664 0 0 21
7A 71 B 66CA 1 1 673B 0 0 21
D2 62 B BFFE 0 0 C008 0 0 3
25 B3 B 1A3A 1 1 1A23 0 0 21
8D F3 4 38F 0 0 BEC 0 0 3
8 B0 61 FA26 0 1 FA26 0 0 21
55 29 89 F712 0 0 F712 0 0 3
19 90 E C4C1 0 0 C4C1 0 0 3
AF 98 E2 B3DB 1 1 B3DB 0 0 21
53 EF 8 F670 0 1 F7A5 0 0 21
DB 4D 3 E959 0 0 F194 0 0 3
FE 1A 46 52E2 0 1 52E3 0 0 21
3E A9 D 4147 1 1 4128 0 0 21
43 4A BE DAC0 1 1 DAC0 0 0 21
FA A5 5A FFD5 0 1 FFDA 0 0 21
A8 D4 71 E69A 1 0 E69A 0 0 3
E1 9 7F 2BFA 1 1 2BFA 0 0 21
FB DB F 1BDB 1 0 1BDB 0 0 3
CF 8D 65 F760 0 1 F762 0 0 21
2E 69 C 773 1 0 774 0 0 3
BD CD B 4252 1 0 4253 0 0 3
8 9E 80 683E 0 1 683E 0 0 21
CE 42 E0 6FC0 0 1 6FC0 0 0 21
1F C8 56 22D7 0 0 22D7 0 0 3
8D 7 6 35A1 0 0 35B0 0 0 3
A8 19 6E BF2E 1 0 BF2E 0 0 3
F9 BC B 88B2 1 1 88B5 0 0 21
3D 35 B 229A 1 1 22B4 0 0 21
4B 1C 5 478 0 1 4CC 0 0 21
E7 CC 10 809E 0 0 809E 0 0 3
D1 C8 1 13FA 0 1 B742 0 0 21
44 80 C 3D8 1 1 39C 0 0 21
B3 8F 70 9531 1 0 9531 0 0 3
1A 64 1B AC84 0 0 AC84 0 0 3
1C 8F 2B 2B7 1 0 2B7 0 0 3
C0 3B 0 99FE 0 1 0 1 0 3
83 F7 D5 B743 1 0 B743 0 0 3
26 8D 0 5B75 0 0 7063 0 0 3
42 E A2 309C 0 0 309C 0 0 3
C0 5 E B72A 1 1 B729 0 0 21
D9 37 31 BCE5 0 0 BCE5 0 0 3
4B 60 6C D0DD 1 1 D0DD 0 0 21
66 4D D0 44E7 1 0 44E7 0 0 3
20 7E 21 8931 0 1 8934 0 0 21
45 C8 B 127D 1 0 127C 0 0 3
6F 2E E 7C15 1 1 7C2F 0 0 21
64 6 E9 5558 0 1 5558 0 0 21
7C 10 5 3551 0 0 358F 0 0 3
2 A9 20 F5D 0 0 F5D 0 0 3
C9 EC C B12 0 0 B1D 0 0 3
45 66 9 6368 1 1 63BE 0 0 21
E4 EE 48 DF3B 1 1 DF3B 0 0 21
F4 7C 8 4506 1 1 44EF 0 0 21
C4 4B C9 99E4 0 0 99E4 0 0 3
91 8C B2 3D60 1 0 3D60 0 0 3
49 D1 6 5E29 0 1 5FD0 0 0 21
1A 5A 8 C57F 1 0 C588 0 0 3
BF FA 66 28C8 0 0 28C8 0 0 3
7C FE E0 EBC1 0 1 EBC1 0 0 21
41 33 E AF47 1 1 AF57 0 0 21
11 FE 1 997E 1 0 996D 0 0 3
91 5B 1 C0C7 0 0 DA8C 0 0 3
BE 85 5 75FC 0 0 7911 0 0 3
E4 1D 6 B135 1 1 B11F 0 0 21
1B FB 6 26F2 1 1 26EF 0 0 21
FB E3 41 632 0 1 63F 0 0 21
34 2A 1 D953 0 1 E1DB 0 0 21
19 AF 6A A90B 1 0 A90B 0 0 3
A9 6D 60 1041 0 0 1041 0 0 3
5D 40 60 A1DD 1 1 A1DD 0 0 21
DE BA 2 7EDA 0 0 A72D 0 0 3
5E CA A E65B 0 1 E718 0 0 21
96 2D B9 2134 0 0 2134 0 0 3
BC A1 10 549 1 0 549 0 0 3
82 E4 F6 A188 0 0 A188 0 0 3
E7 5F 6 98AF 0 0 9A05 0 0 3
4 39 17 DFDB 1 0 DFDB 0 0 3
1A 7B 10 A6BA 0 0 A6BA 0 0 3
C1 8E 1B E64 0 1 E89 0 0 21
1 FE 23 781B 0 0 781B 0 0 3
F8 76 4 A02A 0 0 A74F 0 0 3
FB D3 6 60E1 0 0 641C 0 0 3
49 49 10 1FC8 1 0 1FC8 0 0 3
F1 28 10 4CA7 1 1 4CA5 0 0 21
A7 B7 57 9C52 1 1 9C52 0 0 21
56 38 D 15EE 1 0 15EE 0 0 3
C 79 FF C809 0 1 C809 0 0 21
6D 5E 3 E054 0 0 E554 0 0 3
5D 6D 5 3B6D 0 1 3D02 0 0 21
3B 4D 11 3ACC 0 1 3ADB 0 0 21
1E 77 EC CD40 0 1 CD40 0 0 21
3F 41 7 6626 1 1 6679 0 0 21
C4 95 E0 2588 1 1 2588 0 0 21
D3 32 E9 5B02 0 0 5B02 0 0 3
82 92 31 F662 0 1 F669 0 0 21
D5 51 9 9AED 0 1 9BC2 0 0 21
A2 77 1E 22D6 0 1 22EB 0 0 21
64 C1 F 4F2E 1 1 4F12 0 0 21
EC 4B 46 7E89 0 1 7E8C 0 0 21
8 6C BC 6855 1 1 6855 0 0 21
8B FA 71 4946 1 1 4946 0 0 21
E 53 AF 2A6F 0 1 2A6F 0 0 21
74 DC 18 D3BF 0 0 D3BF 0 0 3
E5 34 D 28DB 0 0 28DC 0 0 3
1E E4 89 F4F3 0 0 F4F3 0 0 3
29 13 12 D282 0 1 D284 0 0 21
A0 9A A 248E 1 0 2497 0 0 3
EA C6 CB 615B 0 1 615C 0 0 21
8D 45 1A EE6 0 0 EE6 0 0 3
C9 F6 7 5643 0 0 57C5 0 0 3
C2 2A 4 FB77 1 1 FAD5 0 0 21
58 2B 8 72D4 1 1 730F 0 0 21
5A 67 76 3118 1 0 3118 0 0 3
23 C2 80 7AB6 1 1 7AB6 0 0 21
92 57 5 2426 1 0 22FB 0 0 3
36 70 7D 773C 0 0 773C 0 0 3
76 83 FC B86C 0 1 B86C 0 0 21
13 7A D D09 1 0 D09 0 0 3
35 38 DB 6BC6 0 1 6BC6 0 0 21
14 6A 4 79AE 0 0 7A32 0 0 3
47 F6 7 F2EA 1 0 F2E5 0 0 3
3B CA C 1124 0 0 1126 0 0 3
E9 9B 4 F1FD 1 1 F28E 0 0 21
DE 33 C F6C9 0 0 F6CB 0 0 3
46 ED 10 D632 1 0 D632 0 0 3
F CF 0 8256 0 1 0 1 0 3
4B 90 D9 B858 1 1 B858 0 0 21
34 CD 6 7F76 1 1 7F2D 0 0 21
F1 9E 11 C715 1 1 C71A 0 0 21
96 14 7 2423 1 0 2413 0 0 3
B7 11 F3 1F63 0 1 1F63 0 0 21
A8 64 70 6785 0 1 6786 0 0 21
28 95 E 7ED7 0 1 7EF5 0 0 21
E5 21 11 980A 1 1 9807 0 0 21
F3 EE BA AA46 1 0 AA46 0 0 3
A7 53 32 84DB 1 0 84DB 0 0 3
C7 1A 3C A238 0 1 A239 0 0 21
C6 1 55 B920 0 0 B920 0 0 3
97 5A 4 E4E5 0 1 E836 0 0 21
DC 69 11 8439 0 0 8439 0 0 3
C8 D9 E7 3A34 1 0 3A34 0 0 3
1 BA 11 4E8 1 0 4E8 0 0 3
B7 CE 2D E3C8 0 0 E3C8 0 0 3
6A BB 1 697F 0 0 9036 0 0 3
EF 58 1A D50F 1 0 D50F 0 0 3
77 19 4 590B 1 1 59C4 0 0 21
8B 88 6 E438 0 1 E645 0 0 21
E7 9C A 2804 1 0 2806 0 0 3
16 0 8 F5AE 1 1 F5AE 0 0 21
F0 A9 23 7A6F 0 1 7A90 0 0 21
DE B3 2 BE69 0 0 E537 0 0 3
20 3B 10 DA 1 1 E1 0 0 21
49 A4 8 58DA 0 0 5908 0 0 3
7B A9 C A6CE 0 0 A6D3 0 0 3
31 1C 3A F39D 0 0 F39D 0 0 3
7D D9 A7 BA34 1 0 BA34 0 0 3
C9 F 1 AC02 0 1 B7C9 0 0 21
17 33 32 B86D 0 0 B86D 0 0 3
59 BB D BB2B 1 1 BB07 0 0 21
D1 5 7D 8B6D 0 1 8B6D 0 0 21
34 CA 94 4A3 1 1 4A3 0 0 21
44 AB 5B A451 1 0 A451 0 0 3
AB 6C F 3CA0 1 0 3CA0 0 0 3
8B 8E 64 9833 1 1 9834 0 0 21
46 9C 77 9FAB 1 1 9FAB 0 0 21
2C BE E3 91E1 1 1 91E1 0 0 21
65 55 B 13B 0 1 181 0 0 21
65 E9 3 F819 1 0 F6F7 0 0 3
41 51 37 24D9 1 0 24D9 0 0 3
D 17 10 B50F 0 0 B50F 0 0 3
F0 5C 9D CD99 0 1 CD99 0 0 21
80 7A 2E 9133 1 0 9133 0 0 3
8 F1 37 A4C4 0 1 A4C4 0 0 21
1 73 6A AB48 1 1 AB48 0 0 21
0 A2 56 3224 0 0 3224 0 0 3
98 43 3 E4F1 1 1 E1EB 0 0 21
CB A9 D D5AC 1 0 D5AC 0 0 3
44 4 B1 37CA 1 1 37CA 0 0 21
5E 5C 7B 78DC 1 0 78DC 0 0 3
B6 8B 1B 3DE1 1 1 3DEC 0 0 21
B8 D3 18 A1BD 0 0 A1BD 0 0 3
5B BD 1 9BB 0 1 4CEA 0 0 21
AF D C2 A069 1 0 A069 0 0 3
41 6A E4 2AC0 0 0 2AC0 0 0 3
36 FD 5 4E4F 0 1 5071 0 0 21
55 D1 70 6C83 1 1 6C83 0 0 21
35 3E 2B A39A 0 1 A39B 0 0 21
4C C4 A 691F 1 0 691B 0 0 3
1A D9 CD 36F6 0 1 36F6 0 0 21
89 FB D DAB4 0 0 DAB8 0 0 3
9C 85 85 4046 0 1 4047 0 0 21
E0 EB 56 B098 0 1 B09F 0 0 21
B 64 5 EEDD 1 0 EEFF 0 0 3
9B 19 C3 D8CF 1 0 D8CF 0 0 3
8B 7D 3F A301 0 1 A305 0 0 21
D9 93 10 4935 0 0 4935 0 0 3
E3 D8 78 4DA4 0 0 4DA4 0 0 3
E 2A 94 1C6D 1 1 1C6D 0 0 21
B1 F1 1E 9B51 0 0 9B51 0 0 3
0 C3 78 68C 0 0 68C 0 0 3
A9 DB 7E A17A 0 1 A17C 0 0 21
55 70 7 DC15 1 1 DCD7 0 0 21
6A E3 14 8A2D 1 1 8A26 0 0 21
AF 8A 0 D0B4 0 0 2F0A 0 1 3
ED E3 A0 3548 0 1 354A 0 0 21
2F 8E 10 2E32 0 0 2E32 0 0 3
F1 15 3 22C9 1 1 22A6 0 0 21
9D 76 68 1499 1 0 1499 0 0 3
C3 37 7 2F4C 0 0 2F9F 0 0 3
56 9F AB 3F51 0 1 3F51 0 0 21
D7 71 62 F289 1 0 F289 0 0 3
2C 6D 99 E86B 1 1 E86B 0 0 21
4E B8 5 6076 1 0 5FC7 0 0 3
E CB 1A 51F5 1 1 51F4 0 0 21
7E 7D 54 903E 1 1 9040 0 0 21
AC 74 F 3024 1 1 2FF9 0 0 21
80 98 1 280C 0 1 740C 0 0 21
7 61 0 5A2D 1 0 5CD4 0 0 3
60 E9 6 B656 0 0 B7B3 0 0 3
FE EA 9 BEA6 1 0 BEA6 0 0 3
5D 91 6 8DE4 0 1 8F5A 0 0 21
8F D C 14EA 0 1 14F6 0 0 21
48 45 4 BD88 1 0 BEBE 0 0 3
1B C2 C 8E0E 0 0 8E0F 0 0 3
BA 21 0 5CE1 1 0 53DB 0 0 3
92 F7 0 D4E2 1 0 D8C0 0 0 3
10 AD 31 9B18 1 0 9B18 0 0 3
62 9F C 39BB 1 1 3979 0 0 21
5D 3D 10 35CA 1 1 35E0 0 0 21
90 90 58 8C9B 1 1 8C9C 0 0 21
CE 83 A0 E89D 1 1 E89D 0 0 21
85 F5 9F 62C7 1 1 62C7 0 0 21
1 DA 1 3461 1 0 344E 0 0 3
D9 DF BA CB6F 1 1 CB6F 0 0 21
52 2D D 14AA 1 0 14AA 0 0 3
CE 1F E7 DE94 0 1 DE94 0 0 21
42 80 10 F790 1 0 F790 0 0 3
AC 75 4B 35E0 1 0 35E0 0 0 3
8D F6 5F 11E9 1 1 11E9 0 0 21
4A 4C 6 F06 0 0 F5D 0 0 3
C 20 EF E3F4 1 0 E3F4 0 0 3
E0 F C BDE9 0 0 BDE9 0 0 3
BF D0 88 A40A 1 0 A40A 0 0 3
68 33 F2 8BB2 0 0 8BB2 0 0 3
12 27 6 AF4B 0 0 AF55 0 0 3
EE 76 4 D9BB 1 1 D937 0 0 21
FE 62 11 2674 0 0 2674 0 0 3
B8 3F 3D 6D7A 1 0 6D7A 0 0 3
ED 83 AE 8704 0 1 8705 0 0 21
DE 2A 11 D09E 1 0 D09E 0 0 3
19 43 F CFE0 1 1 CFE7 0 0 21
8C 35 D 9392 0 1 93BD 0 0 21
AB 0 2 CFAC 1 1 CFAC 0 0 21
51 4A 59 65E6 0 1 65E6 0 0 21
21 9C 51 4084 1 1 4084 0 0 21
C6 7F 8 2C2 0 0 324 0 0 3
3E D9 F FFCC 1 0 FFCC 0 0 3
BA 94 49 68C8 1 1 68C9 0 0 21
67 C0 A CCEB 1 0 CCE5 0 0 3
87 2C F AB22 1 0 AB22 0 0 3
D C2 6 2F21 1 0 2F15 0 0 3
75 EE 2 A506 1 0 A2F8 0 0 3
1C 11 C2 396F 1 1 396F 0 0 21
47 7 E7 140C 0 1 140C 0 0 21
73 8A C 466B 1 1 460D 0 0 21
D1 3C 99 4850 1 0 4850 0 0 3
E4 94 A9 72A9 0 1 72AA 0 0 21
A7 E6 6 736D 0 0 75C5 0 0 3
E7 2B 3D 6896 0 1 6898 0 0 21
F2 3C D9 A5A2 0 1 A5A2 0 0 21
4D 8E 0 843A 1 0 61F0 0 1 3
E4 E9 5F D176 0 0 D176 0 0 3
FE 7C 9 59F5 1 1 59F2 0 0 21
46 94 B5 DA0F 0 0 DA0F 0 0 3
FE 96 B E75A 0 0 E76C 0 0 3
B3 43 F 95D1 0 0 95D1 0 0 3
44 90 D 73BA 1 1 738D 0 0 21
80 81 75 9B14 0 1 9B15 0 0 21
BF AB 1 190F 1 0 23D9 0 0 3
10 E3 D6 A5 0 0 A5 0 0 3
B3 2D 65 459F 1 1 459F 0 0 21
B4 2E 55 62DC 0 0 62DC 0 0 3
63 D8 F A3BF 0 0 A3BF 0 0 3
6B A9 1 9FED 0 1 E690 0 0 21
F9 2F 11 254 0 0 254 0 0 3
8 15 F DA9E 1 0 DA9E 0 0 3
12 FC 5 F802 0 0 F88F 0 0 3
F6 54 2 7B3A 0 0 8F68 0 0 3
33 AA 9 4920 0 0 4930 0 0 3
92 A9 33 6D8A 1 1 6D8D 0 0 21
37 EC C ABFD 0 1 AC57 0 0 21
88 AB 3C 35FC 0 1 3602 0 0 21
A5 86 FF BDDA 0 1 BDDA 0 0 21
7F B2 34 C46 1 1 C43 0 0 21
0 CC 6 7400 1 1 7400 0 0 21
9 62 3 10EE 1 1 1150 0 0 21
3F 1 C 66B4 1 0 66B4 0 0 3
9E 19 97 BDF1 1 1 BDF1 0 0 21
FB DC 62 A6D3 1 1 A6D3 0 0 21
56 2D E 478A 0 0 478A 0 0 3
2F DE D 34CD 0 1 350A 0 0 21
C9 99 A 686D 0 1 69A0 0 0 21
8E 81 4 57BC 0 1 5C34 0 0 21
B B2 C 4EDC 0 1 4EE9 0 0 21
85 D9 E A038 0 1 A0CB 0 0 21
7E 6B 9 E554 1 1 E5FA 0 0 21
26 3F 6 4C4B 0 1 4C8D 0 0 21
70 8C 8 C2F2 0 0 C32F 0 0 3
7B 91 0 E156 0 0 2701 0 1 3
41 A2 C1 B78C 0 0 B78C 0 0 3
17 59 11 918C 1 0 918C 0 0 3
E9 46 9F D09F 0 1 D09F 0 0 21
8E 1D 9 BFAE 1 0 BFA8 0 0 3
41 B4 4 3715 1 1 35E1 0 0 21
15 F8 2 35C3 1 0 3599 0 0 3
D3 DE 9 7586 1 1 7598 0 0 21
D C1 54 704B 0 1 704B 0 0 21
A3 48 90 A9BF 1 1 A9BF 0 0 21
AA 12 7F 4E35 1 1 4E35 0 0 21
6B F4 AD 3639 1 0 3639 0 0 3
C3 9B 7 1D26 0 0 1E12 0 0 3
BC 86 B B8C2 1 1 B906 0 0 21
1E A6 A A765 1 0 A763 0 0 3
D8 3A 21 C3DC 0 0 C3DC 0 0 3
4D BA E B1F4 1 0 B1F4 0 0 3
CA 45 7 E1DA 1 1 E18E 0 0 21
E0 F6 BA 6CAE 0 1 6CAF 0 0 21
71 A2 A3 7E9C 1 0 7E9C 0 0 3
B C5 4 AA1E 0 1 AAA5 0 0 21
AA 53 11 9BE4 1 1 9BCC 0 0 21
34 3E 6 B56F 0 0 B5A1 0 0 3
8A A8 11 440B 1 0 440B 0 0 3
B0 18 C DC07 0 1 DC24 0 0 21
90 94 79 5BA1 1 1 5BA1 0 0 21
B7 26 EA 3A18 1 0 3A18 0 0 3
99 16 7 BD7F 0 0 BD99 0 0 3
29 FB 3D BCE7 1 0 BCE7 0 0 3
A9 61 82 CD78 1 1 CD78 0 0 21
3D C6 68 6BBA 1 1 6BBA 0 0 21
4F F5 BD 58D2 1 0 58D2 0 0 3
E 4 C0 5AD0 0 1 5AD0 0 0 21
8C F1 4 14BC 1 1 1528 0 0 21
51 E7 90 525C 0 1 525C 0 0 21
B0 DF 28 6C71 1 0 6C71 0 0 3
3A 43 5E AB5F 0 0 AB5F 0 0 3
EA B3 44 90C 0 0 90C 0 0 3
B7 C2 F BFD2 1 0 BFD2 0 0 3
63 8B 6 B0BB 0 1 B239 0 0 21
A CA 1 5199 0 0 558B 0 0 3
56 90 A 8724 0 1 879F 0 0 21
AA A4 B6 5C34 0 1 5C34 0 0 21
E3 35 6B 78B3 0 1 78B4 0 0 21
EA 45 E7 C44E 0 1 C44E 0 0 21
46 A6 2E B427 0 1 B42C 0 0 21
C6 73 A BAE1 1 1 BA9F 0 0 21
92 BB B1 523C 1 0 523C 0 0 3
5A BF A C9C3 1 0 C9BE 0 0 3
1A 8B C5 BC35 0 0 BC35 0 0 3
D6 CB 84 DC35 1 0 DC35 0 0 3
9C 5B 10 255B 0 0 255B 0 0 3
38 31 F DAC2 1 0 DAC2 0 0 3
69 C8 7 C18F 0 1 C33B 0 0 21
C8 4D 2 2BE2 1 0 27AC 0 0 3
C9 96 8 B955 0 1 BB2C 0 0 21
CE A8 D4 E99D 1 0 E99D 0 0 3
55 63 85 C8EB 0 1 C8EB 0 0 21
A8 2F 74 DAA 0 1 DAA 0 0 21
B0 ED 4 CD22 1 1 CD81 0 0 21
48 9E A DBC9 0 1 DC3A 0 0 21
69 CB C 8A47 0 1 8ADB 0 0 21
86 54 31 1FD4 0 0 1FD4 0 0 3
7B 3B EA 6882 1 1 6882 0 0 21
E5 14 83 96C 1 1 96C 0 0 21
BE 77 7C F8F4 1 0 F8F4 0 0 3
CD DC 4 BC65 0 0 C767 0 0 3
C2 7A 8 D990 1 1 D91A 0 0 21
7F 8 27 2BB1 1 0 2BB1 0 0 3
25 A8 52 D427 0 1 D427 0 0 21
46 63 1 74FA 0 0 8283 0 0 3
97 8D C B602 0 1 B695 0 0 21
57 AA 8 2CCE 0 1 2DB5 0 0 21
31 25 4 1E9 1 0 25A 0 0 3
58 14 9B 3D62 0 0 3D62 0 0 3
C8 B6 F E94B 1 1 E95D 0 0 21
EA 7A FD 709 0 0 709 0 0 3
73 7 9 70BE 0 0 70BF 0 0 3
6D 21 39 4EFC 0 1 4EFD 0 0 21
50 59 C9 C4AA 0 1 C4AA 0 0 21
CE F2 2C 4155 1 1 4155 0 0 21
A1 FF BE BB2F 1 1 BB2F 0 0 21
E6 3F 1 A8D8 0 1 E172 0 0 21
2F 5E 3 B54F 0 0 B777 0 0 3
4A E8 6 6B73 1 0 6B58 0 0 3
84 D7 82 8061 1 0 8061 0 0 3
CC 27 11 1E24 1 1 1E1D 0 0 21
94 35 58 8D9B 0 1 8D9C 0 0 21
59 BA 10 5F24 0 0 5F24 0 0 3
74 ED F BAF0 0 1 BB6A 0 0 21
86 3 10 DA9A 0 1 DA9B 0 0 21
AE CD 9 49B3 1 1 49E6 0 0 21
F 77 25 C20E 0 1 C20F 0 0 21
A2 E2 5 1DF9 1 1 1E69 0 0 21
E8 AF A4 43B3 1 0 43B3 0 0 3
78 9F E DA80 0 1 DAE1 0 0 21
EA 78 9 11EB 0 0 1221 0 0 3
52 15 E0 E988 1 1 E988 0 0 21
5E 6C 71 7508 0 1 7508 0 0 21
11 69 6 5087 1 0 50A2 0 0 3
42 29 EC 8489 0 1 8489 0 0 21
D0 DD A 1544 0 1 170F 0 0 21
95 97 B1 D829 1 1 D829 0 0 21
9B DA 6 F4A9 0 1 F853 0 0 21
EB 75 E 3F97 0 0 3F98 0 0 3
54 E6 66 21A1 1 1 21A1 0 0 21
D4 DC 10 841C 1 1 8422 0 0 21
C6 24 50 9E97 1 1 9E97 0 0 21
E1 76 2D A8E4 1 1 A8E3 0 0 21
97 2E E D7F9 0 1 D81C 0 0 21
D0 15 BE 8F99 0 1 8F99 0 0 21
F4 B7 A FE7F 1 0 FE7F 0 0 3
68 9C D 8924 0 0 8925 0 0 3
4D CD 9 533F 1 1 530F 0 0 21
D7 F2 5 447 0 0 AA0 0 0 3
9C 5E 9 6CFE 1 1 6C8A 0 0 21
64 E3 5 24CE 1 0 2474 0 0 3
1D F5 E6 DACA 0 1 DACA 0 0 21
CB D1 C 523E 1 0 523E 0 0 3
E 8 9 4BBB 1 0 4BBB 0 0 3
